13 2 1 0.7647058823529411 1.0 1.0 16 
12 0 4 1.0 0.6923076923076923 0.9 16 
13 3 0 0.7647058823529411 0.6153846153846154 0.8 16 
10 4 2 0.7058823529411765 0.8461538461538461 0.9 16 
7 5 4 0.7058823529411765 0.7692307692307693 0.7 16 
10 4 2 0.7058823529411765 0.6923076923076923 0.8 16 
6 6 4 0.47058823529411764 0.38461538461538464 0.5 16 
6 3 7 0.47058823529411764 0.3076923076923077 0.4 16 
6 4 6 0.4117647058823529 0.3076923076923077 0.4 16 
3 3 10 0.29411764705882354 0.23076923076923078 0.5 16 
3 3 10 0.35294117647058826 0.15384615384615385 0.3 16 
6 3 7 0.23529411764705882 0.3076923076923077 0.3 16 
1 6 9 0.23529411764705882 0.23076923076923078 0.4 16 
7 2 7 0.29411764705882354 0.0 0.3 16 
6 4 6 0.23529411764705882 0.3076923076923077 0.2 16 
2 3 11 0.23529411764705882 0.23076923076923078 0.1 16 
3 4 9 0.23529411764705882 0.15384615384615385 0.3 16 
6 3 7 0.23529411764705882 0.15384615384615385 0.2 16 
2 4 10 0.17647058823529413 0.07692307692307693 0.2 16 
4 2 10 0.0 0.0 0.0 16 
