18 15 5 1.0 0.7692307692307693 0.8181818181818182 38 
23 9 6 0.6470588235294118 1.0 0.9090909090909091 38 
30 3 5 0.6470588235294118 0.8461538461538461 1.0 38 
23 6 9 0.5294117647058824 0.9230769230769231 0.9090909090909091 38 
26 8 4 0.6470588235294118 0.6153846153846154 0.8181818181818182 38 
22 10 6 0.5294117647058824 0.6153846153846154 0.8181818181818182 38 
17 10 11 0.6470588235294118 0.5384615384615384 0.9090909090909091 38 
12 8 18 0.4117647058823529 0.5384615384615384 0.45454545454545453 38 
12 9 17 0.4117647058823529 0.5384615384615384 0.36363636363636365 38 
11 11 16 0.35294117647058826 0.5384615384615384 0.45454545454545453 38 
12 5 21 0.47058823529411764 0.38461538461538464 0.36363636363636365 38 
12 5 21 0.35294117647058826 0.38461538461538464 0.36363636363636365 38 
11 7 20 0.23529411764705882 0.38461538461538464 0.2727272727272727 38 
12 10 16 0.23529411764705882 0.3076923076923077 0.5454545454545454 38 
6 6 26 0.4117647058823529 0.3076923076923077 0.36363636363636365 38 
12 9 17 0.29411764705882354 0.3076923076923077 0.2727272727272727 38 
5 13 20 0.23529411764705882 0.15384615384615385 0.09090909090909091 38 
9 7 22 0.23529411764705882 0.07692307692307693 0.2727272727272727 38 
12 10 16 0.17647058823529413 0.15384615384615385 0.0 38 
11 7 20 0.0 0.0 0.09090909090909091 38 
