24 7 7 0.8666666666666667 1.0 1.0 38 
26 9 3 0.8 1.0 1.0 38 
20 10 8 1.0 0.8461538461538461 0.5833333333333334 38 
22 9 7 0.7333333333333333 0.8461538461538461 0.9166666666666666 38 
18 8 12 0.7333333333333333 0.7692307692307693 0.8333333333333334 38 
19 7 12 0.6666666666666666 0.6153846153846154 0.6666666666666666 38 
12 11 15 0.6 0.6923076923076923 0.8333333333333334 38 
10 9 19 0.26666666666666666 0.46153846153846156 0.5 38 
8 6 24 0.4666666666666667 0.38461538461538464 0.4166666666666667 38 
16 8 14 0.4666666666666667 0.3076923076923077 0.4166666666666667 38 
18 6 14 0.4 0.5384615384615384 0.3333333333333333 38 
15 9 14 0.4 0.46153846153846156 0.3333333333333333 38 
11 11 16 0.26666666666666666 0.3076923076923077 0.25 38 
10 8 20 0.4 0.3076923076923077 0.3333333333333333 38 
12 11 15 0.4 0.3076923076923077 0.25 38 
7 17 14 0.3333333333333333 0.3076923076923077 0.3333333333333333 38 
13 9 16 0.06666666666666667 0.3076923076923077 0.3333333333333333 38 
8 11 19 0.0 0.23076923076923078 0.25 38 
11 8 19 0.0 0.15384615384615385 0.08333333333333333 38 
7 12 19 0.0 0.0 0.0 38 
19 9 10 1.0 1.0 1.0 38 
12 14 12 0.9 1.0 0.9090909090909091 38 
20 11 7 0.7 0.75 0.7272727272727273 38 
19 9 10 0.3 0.9166666666666666 0.36363636363636365 38 
16 12 10 0.5 0.6666666666666666 0.7272727272727273 38 
11 14 13 0.6 0.5 0.2727272727272727 38 
19 13 6 0.4 0.4166666666666667 0.6363636363636364 38 
12 11 15 0.4 0.4166666666666667 0.45454545454545453 38 
18 9 11 0.3 0.5 0.36363636363636365 38 
9 12 17 0.4 0.25 0.2727272727272727 38 
9 10 19 0.3 0.3333333333333333 0.45454545454545453 38 
16 14 8 0.2 0.5 0.36363636363636365 38 
14 9 15 0.1 0.5 0.45454545454545453 38 
10 13 15 0.3 0.16666666666666666 0.0 38 
11 9 18 0.0 0.4166666666666667 0.36363636363636365 38 
3 8 27 0.0 0.25 0.45454545454545453 38 
9 7 22 0.2 0.25 0.0 38 
12 9 17 0.1 0.16666666666666666 0.09090909090909091 38 
23 12 3 0.0 0.25 0.18181818181818182 38 
11 9 18 0.1 0.0 0.09090909090909091 38 
18 15 5 1.0 0.7692307692307693 0.8181818181818182 38 
23 9 6 0.6470588235294118 1.0 0.9090909090909091 38 
30 3 5 0.6470588235294118 0.8461538461538461 1.0 38 
23 6 9 0.5294117647058824 0.9230769230769231 0.9090909090909091 38 
26 8 4 0.6470588235294118 0.6153846153846154 0.8181818181818182 38 
22 10 6 0.5294117647058824 0.6153846153846154 0.8181818181818182 38 
17 10 11 0.6470588235294118 0.5384615384615384 0.9090909090909091 38 
12 8 18 0.4117647058823529 0.5384615384615384 0.45454545454545453 38 
12 9 17 0.4117647058823529 0.5384615384615384 0.36363636363636365 38 
11 11 16 0.35294117647058826 0.5384615384615384 0.45454545454545453 38 
12 5 21 0.47058823529411764 0.38461538461538464 0.36363636363636365 38 
12 5 21 0.35294117647058826 0.38461538461538464 0.36363636363636365 38 
11 7 20 0.23529411764705882 0.38461538461538464 0.2727272727272727 38 
12 10 16 0.23529411764705882 0.3076923076923077 0.5454545454545454 38 
6 6 26 0.4117647058823529 0.3076923076923077 0.36363636363636365 38 
12 9 17 0.29411764705882354 0.3076923076923077 0.2727272727272727 38 
5 13 20 0.23529411764705882 0.15384615384615385 0.09090909090909091 38 
9 7 22 0.23529411764705882 0.07692307692307693 0.2727272727272727 38 
12 10 16 0.17647058823529413 0.15384615384615385 0.0 38 
11 7 20 0.0 0.0 0.09090909090909091 38 
21 7 10 0.9166666666666666 1.0 1.0 38 
25 6 7 1.0 0.8461538461538461 0.9 38 
19 6 13 1.0 0.7692307692307693 0.9 38 
32 4 2 0.8333333333333334 1.0 0.9 38 
23 8 7 1.0 0.7692307692307693 1.0 38 
21 12 5 0.75 0.7692307692307693 0.8 38 
13 10 15 0.4166666666666667 0.7692307692307693 0.7 38 
10 12 16 0.5 0.46153846153846156 0.6 38 
12 11 15 0.5 0.46153846153846156 0.4 38 
7 15 16 0.3333333333333333 0.46153846153846156 0.6 38 
6 13 19 0.5 0.38461538461538464 0.4 38 
7 12 19 0.3333333333333333 0.3076923076923077 0.5 38 
11 8 19 0.25 0.3076923076923077 0.4 38 
11 11 16 0.5833333333333334 0.38461538461538464 0.4 38 
8 9 21 0.16666666666666666 0.3076923076923077 0.3 38 
11 11 16 0.16666666666666666 0.15384615384615385 0.3 38 
14 12 12 0.08333333333333333 0.23076923076923078 0.3 38 
12 8 18 0.0 0.23076923076923078 0.3 38 
9 13 16 0.08333333333333333 0.15384615384615385 0.1 38 
9 10 19 0.08333333333333333 0.0 0.0 38 
13 2 1 0.7647058823529411 1.0 1.0 16 
12 0 4 1.0 0.6923076923076923 0.9 16 
13 3 0 0.7647058823529411 0.6153846153846154 0.8 16 
10 4 2 0.7058823529411765 0.8461538461538461 0.9 16 
7 5 4 0.7058823529411765 0.7692307692307693 0.7 16 
10 4 2 0.7058823529411765 0.6923076923076923 0.8 16 
6 6 4 0.47058823529411764 0.38461538461538464 0.5 16 
6 3 7 0.47058823529411764 0.3076923076923077 0.4 16 
6 4 6 0.4117647058823529 0.3076923076923077 0.4 16 
3 3 10 0.29411764705882354 0.23076923076923078 0.5 16 
3 3 10 0.35294117647058826 0.15384615384615385 0.3 16 
6 3 7 0.23529411764705882 0.3076923076923077 0.3 16 
1 6 9 0.23529411764705882 0.23076923076923078 0.4 16 
7 2 7 0.29411764705882354 0.0 0.3 16 
6 4 6 0.23529411764705882 0.3076923076923077 0.2 16 
2 3 11 0.23529411764705882 0.23076923076923078 0.1 16 
3 4 9 0.23529411764705882 0.15384615384615385 0.3 16 
6 3 7 0.23529411764705882 0.15384615384615385 0.2 16 
2 4 10 0.17647058823529413 0.07692307692307693 0.2 16 
4 2 10 0.0 0.0 0.0 16 
