21 7 10 0.9166666666666666 1.0 1.0 38 
25 6 7 1.0 0.8461538461538461 0.9 38 
19 6 13 1.0 0.7692307692307693 0.9 38 
32 4 2 0.8333333333333334 1.0 0.9 38 
23 8 7 1.0 0.7692307692307693 1.0 38 
21 12 5 0.75 0.7692307692307693 0.8 38 
13 10 15 0.4166666666666667 0.7692307692307693 0.7 38 
10 12 16 0.5 0.46153846153846156 0.6 38 
12 11 15 0.5 0.46153846153846156 0.4 38 
7 15 16 0.3333333333333333 0.46153846153846156 0.6 38 
6 13 19 0.5 0.38461538461538464 0.4 38 
7 12 19 0.3333333333333333 0.3076923076923077 0.5 38 
11 8 19 0.25 0.3076923076923077 0.4 38 
11 11 16 0.5833333333333334 0.38461538461538464 0.4 38 
8 9 21 0.16666666666666666 0.3076923076923077 0.3 38 
11 11 16 0.16666666666666666 0.15384615384615385 0.3 38 
14 12 12 0.08333333333333333 0.23076923076923078 0.3 38 
12 8 18 0.0 0.23076923076923078 0.3 38 
9 13 16 0.08333333333333333 0.15384615384615385 0.1 38 
9 10 19 0.08333333333333333 0.0 0.0 38 
