24 7 7 0.8666666666666667 1.0 1.0 38 
26 9 3 0.8 1.0 1.0 38 
20 10 8 1.0 0.8461538461538461 0.5833333333333334 38 
22 9 7 0.7333333333333333 0.8461538461538461 0.9166666666666666 38 
18 8 12 0.7333333333333333 0.7692307692307693 0.8333333333333334 38 
19 7 12 0.6666666666666666 0.6153846153846154 0.6666666666666666 38 
12 11 15 0.6 0.6923076923076923 0.8333333333333334 38 
10 9 19 0.26666666666666666 0.46153846153846156 0.5 38 
8 6 24 0.4666666666666667 0.38461538461538464 0.4166666666666667 38 
16 8 14 0.4666666666666667 0.3076923076923077 0.4166666666666667 38 
18 6 14 0.4 0.5384615384615384 0.3333333333333333 38 
15 9 14 0.4 0.46153846153846156 0.3333333333333333 38 
11 11 16 0.26666666666666666 0.3076923076923077 0.25 38 
10 8 20 0.4 0.3076923076923077 0.3333333333333333 38 
12 11 15 0.4 0.3076923076923077 0.25 38 
7 17 14 0.3333333333333333 0.3076923076923077 0.3333333333333333 38 
13 9 16 0.06666666666666667 0.3076923076923077 0.3333333333333333 38 
8 11 19 0.0 0.23076923076923078 0.25 38 
11 8 19 0.0 0.15384615384615385 0.08333333333333333 38 
7 12 19 0.0 0.0 0.0 38 
