19 9 10 1.0 1.0 1.0 38 
12 14 12 0.9 1.0 0.9090909090909091 38 
20 11 7 0.7 0.75 0.7272727272727273 38 
19 9 10 0.3 0.9166666666666666 0.36363636363636365 38 
16 12 10 0.5 0.6666666666666666 0.7272727272727273 38 
11 14 13 0.6 0.5 0.2727272727272727 38 
19 13 6 0.4 0.4166666666666667 0.6363636363636364 38 
12 11 15 0.4 0.4166666666666667 0.45454545454545453 38 
18 9 11 0.3 0.5 0.36363636363636365 38 
9 12 17 0.4 0.25 0.2727272727272727 38 
9 10 19 0.3 0.3333333333333333 0.45454545454545453 38 
16 14 8 0.2 0.5 0.36363636363636365 38 
14 9 15 0.1 0.5 0.45454545454545453 38 
10 13 15 0.3 0.16666666666666666 0.0 38 
11 9 18 0.0 0.4166666666666667 0.36363636363636365 38 
3 8 27 0.0 0.25 0.45454545454545453 38 
9 7 22 0.2 0.25 0.0 38 
12 9 17 0.1 0.16666666666666666 0.09090909090909091 38 
23 12 3 0.0 0.25 0.18181818181818182 38 
11 9 18 0.1 0.0 0.09090909090909091 38 
