73 72 73 79 77 76 
81 77 76 78 76 75 
84 79 82 84 80 81 
77 73 75 80 79 77 
84 85 82 80 76 76 
77 74 73 79 79 77 
77 76 78 77 77 75 
82 84 82 82 80 81 
76 74 72 90 82 81 
84 83 83 80 79 76 
90 82 81 77 76 78 
73 72 73 82 80 81 
80 79 77 82 84 82 
79 79 77 84 85 82 
79 77 76 77 73 75 
84 80 81 81 77 76 
77 77 75 84 83 83 
78 76 75 84 79 82 
80 76 76 77 74 73 
80 79 76 76 74 72 
84 83 83 73 72 73 
81 77 76 76 74 72 
84 79 82 79 79 77 
77 73 75 90 82 81 
80 79 77 79 77 76 
77 76 78 80 76 76 
84 80 81 82 80 81 
77 77 75 82 84 82 
84 85 82 80 79 76 
78 76 75 77 74 73 
82 84 82 77 76 78 
76 74 72 78 76 75 
73 72 73 77 73 75 
82 80 81 80 79 77 
90 82 81 84 85 82 
77 74 73 81 77 76 
79 79 77 84 80 81 
80 79 76 77 77 75 
79 77 76 84 83 83 
80 76 76 84 79 82 
84 83 83 82 80 81 
84 79 82 77 74 73 
77 73 75 82 84 82 
80 79 77 73 72 73 
84 85 82 76 74 72 
78 76 75 80 79 76 
81 77 76 79 79 77 
77 76 78 79 77 76 
84 80 81 80 76 76 
77 77 75 90 82 81 
82 84 82 84 83 83 
76 74 72 84 79 82 
82 80 81 77 73 75 
90 82 81 80 79 77 
77 74 73 84 80 81 
79 79 77 78 76 75 
80 76 76 81 77 76 
79 77 76 84 85 82 
80 79 76 77 76 78 
73 72 73 77 77 75 
84 79 82 81 77 76 
77 73 75 84 83 83 
80 76 76 78 76 75 
79 77 76 82 80 81 
77 77 75 76 74 72 
80 79 76 77 74 73 
73 72 73 82 84 82 
80 79 77 77 76 78 
90 82 81 79 79 77 
84 80 81 84 85 82 
82 84 82 79 77 76 
76 74 72 77 73 75 
84 83 83 80 79 77 
81 77 76 80 79 76 
84 85 82 84 79 82 
79 79 77 80 76 76 
78 76 75 84 80 81 
77 74 73 77 77 75 
77 76 78 73 72 73 
82 80 81 90 82 81 
82 84 82 77 74 73 
76 74 72 84 80 81 
73 72 73 84 79 82 
77 73 75 79 79 77 
80 79 77 81 77 76 
82 80 81 78 76 75 
79 77 76 77 77 75 
80 79 76 80 76 76 
84 83 83 90 82 81 
84 85 82 77 76 78 
81 77 76 82 80 81 
90 82 81 73 72 73 
77 74 73 76 74 72 
80 76 76 82 84 82 
84 80 81 80 79 77 
77 77 75 77 73 75 
78 76 75 84 85 82 
84 79 82 80 79 76 
77 76 78 84 83 83 
79 79 77 79 77 76 
76 74 72 80 76 76 
73 72 73 81 77 76 
84 83 83 84 79 82 
84 85 82 77 74 73 
80 79 76 79 79 77 
82 84 82 84 80 81 
77 73 75 77 76 78 
80 79 77 78 76 75 
82 80 81 77 77 75 
79 77 76 90 82 81 
81 77 76 84 85 82 
84 79 82 79 77 76 
90 82 81 82 84 82 
77 76 78 82 80 81 
79 79 77 76 74 72 
80 76 76 77 73 75 
84 80 81 80 79 76 
77 77 75 80 79 77 
77 74 73 84 83 83 
78 76 75 73 72 73 
73 72 73 84 85 82 
84 83 83 84 80 81 
77 73 75 78 76 75 
80 79 77 77 74 73 
82 80 81 80 76 76 
79 77 76 81 77 76 
82 84 82 76 74 72 
90 82 81 80 79 76 
77 76 78 84 79 82 
77 77 75 79 79 77 
81 77 76 77 76 78 
84 85 82 84 83 83 
79 79 77 73 72 73 
80 76 76 80 79 77 
84 80 81 79 77 76 
78 76 75 77 77 75 
80 79 76 82 84 82 
76 74 72 82 80 81 
84 79 82 90 82 81 
77 74 73 77 73 75 
82 84 82 79 79 77 
73 72 73 76 74 72 
77 73 75 81 77 76 
80 79 77 84 85 82 
79 77 76 80 76 76 
77 77 75 84 79 82 
84 83 83 78 76 75 
82 80 81 80 79 76 
90 82 81 84 80 81 
77 76 78 77 74 73 
76 74 72 80 79 77 
84 79 82 82 84 82 
81 77 76 90 82 81 
84 85 82 77 77 75 
77 74 73 82 80 81 
79 79 77 77 76 78 
80 76 76 84 83 83 
84 80 81 77 73 75 
78 76 75 79 77 76 
80 79 76 73 72 73 
81 77 76 84 83 83 
77 74 73 79 77 76 
79 79 77 80 79 77 
80 76 76 77 77 75 
78 76 75 90 82 81 
80 79 76 77 73 75 
76 74 72 77 76 78 
84 85 82 82 84 82 
84 80 81 73 72 73 
84 79 82 82 80 81 
82 84 82 78 76 75 
73 72 73 77 74 73 
84 83 83 76 74 72 
77 73 75 84 85 82 
80 79 77 84 79 82 
90 82 81 80 76 76 
79 77 76 80 79 76 
77 77 75 81 77 76 
82 80 81 79 79 77 
77 76 78 84 80 81 
77 73 75 84 79 82 
73 72 73 80 76 76 
84 83 83 79 79 77 
80 79 77 80 79 76 
82 80 81 84 85 82 
90 82 81 77 74 73 
77 76 78 78 76 75 
79 77 76 76 74 72 
82 84 82 81 77 76 
77 77 75 84 80 81 
84 79 82 77 76 78 
84 85 82 73 72 73 
77 74 73 80 79 77 
80 76 76 82 80 81 
78 76 75 77 73 75 
80 79 76 90 82 81 
76 74 72 82 84 82 
81 77 76 79 77 76 
79 79 77 77 77 75 
84 80 81 84 83 83 
73 72 73 77 76 78 
77 73 75 76 74 72 
80 79 77 84 83 83 
80 76 76 79 79 77 
79 77 76 82 84 82 
84 80 81 78 76 75 
77 77 75 77 74 73 
80 79 76 81 77 76 
84 79 82 84 85 82 
90 82 81 82 80 81 
76 74 72 77 77 75 
81 77 76 84 79 82 
82 80 81 79 77 76 
84 85 82 84 80 81 
77 74 73 80 79 76 
79 79 77 90 82 81 
78 76 75 80 76 76 
82 84 82 73 72 73 
84 83 83 77 73 75 
77 76 78 80 79 77 
82 84 82 77 77 75 
76 74 72 81 77 76 
73 72 73 80 79 77 
82 80 81 84 83 83 
77 74 73 78 76 75 
80 76 76 84 80 81 
79 77 76 77 76 78 
90 82 81 77 73 75 
79 79 77 84 79 82 
80 79 76 84 85 82 
84 83 83 82 84 82 
81 77 76 80 76 76 
84 79 82 76 74 72 
77 73 75 82 80 81 
77 76 78 80 79 76 
84 80 81 77 74 73 
77 77 75 73 72 73 
78 76 75 79 79 77 
80 79 77 90 82 81 
84 85 82 79 77 76 
82 84 82 77 73 75 
82 80 81 84 80 81 
90 82 81 77 77 75 
77 74 73 84 79 82 
79 79 77 81 77 76 
80 76 76 77 76 78 
80 79 76 78 76 75 
73 72 73 84 83 83 
79 77 76 80 79 77 
76 74 72 84 85 82 
84 83 83 79 77 76 
81 77 76 77 74 73 
84 79 82 80 76 76 
77 73 75 73 72 73 
77 77 75 80 79 76 
78 76 75 76 74 72 
84 80 81 79 79 77 
80 79 77 82 80 81 
80 79 77 77 73 75 
82 80 81 82 84 82 
90 82 81 76 74 72 
79 79 77 77 74 73 
79 77 76 73 72 73 
77 77 75 77 76 78 
78 76 75 81 77 76 
80 76 76 84 85 82 
84 80 81 84 79 82 
80 79 76 84 83 83 
84 85 82 79 79 77 
76 74 72 80 79 76 
84 79 82 78 76 75 
77 73 75 79 77 76 
82 80 81 73 72 73 
76 74 72 79 77 76 
81 77 76 77 77 75 
84 79 82 77 73 75 
79 79 77 84 83 83 
80 76 76 73 72 73 
78 76 75 82 84 82 
80 79 76 80 79 77 
84 85 82 82 80 81 
77 74 73 90 82 81 
84 80 81 77 76 78 
73 72 73 84 80 81 
84 83 83 81 77 76 
77 73 75 80 79 76 
80 79 77 79 79 77 
82 80 81 84 79 82 
90 82 81 78 76 75 
77 76 78 76 74 72 
77 77 75 80 76 76 
82 84 82 84 85 82 
79 77 76 77 74 73 
73 72 73 79 79 77 
80 79 77 80 76 76 
90 82 81 84 79 82 
77 77 75 78 76 75 
82 84 82 80 79 76 
84 83 83 84 85 82 
77 73 75 77 74 73 
82 80 81 76 74 72 
77 76 78 81 77 76 
79 77 76 84 80 81 
76 74 72 84 83 83 
84 85 82 77 73 75 
77 74 73 73 72 73 
79 79 77 82 80 81 
84 80 81 77 77 75 
78 76 75 77 76 78 
80 79 76 79 77 76 
84 79 82 80 79 77 
80 76 76 90 82 81 
81 77 76 82 84 82 
81 77 76 80 79 77 
84 79 82 73 72 73 
77 76 78 84 85 82 
79 79 77 77 73 75 
80 76 76 80 79 76 
84 80 81 76 74 72 
77 77 75 79 77 76 
90 82 81 84 83 83 
78 76 75 82 80 81 
77 74 73 82 84 82 
76 74 72 77 74 73 
77 73 75 77 77 75 
79 77 76 79 79 77 
80 79 76 84 79 82 
73 72 73 90 82 81 
82 80 81 81 77 76 
84 83 83 77 76 78 
82 84 82 80 79 77 
81 77 76 84 80 81 
77 74 73 80 76 76 
84 85 82 90 82 81 
81 77 76 73 72 73 
77 76 78 77 73 75 
79 79 77 80 79 76 
80 76 76 76 74 72 
78 76 75 80 79 77 
84 79 82 84 83 83 
90 82 81 79 77 76 
77 74 73 84 85 82 
84 80 81 82 84 82 
77 77 75 82 80 81 
80 79 76 84 80 81 
76 74 72 79 79 77 
73 72 73 78 76 75 
77 73 75 80 76 76 
80 79 77 77 77 75 
84 85 82 81 77 76 
79 77 76 84 79 82 
82 84 82 90 82 81 
82 80 81 77 76 78 
84 83 83 77 74 73 
77 76 78 82 84 82 
84 79 82 77 77 75 
78 76 75 84 83 83 
76 74 72 73 72 73 
84 85 82 80 79 77 
77 74 73 77 76 78 
79 79 77 82 84 82 
80 76 76 79 77 76 
81 77 76 77 73 75 
84 80 81 90 82 81 
80 79 76 82 80 81 
84 83 83 77 77 75 
82 84 82 80 76 76 
84 85 82 78 76 75 
77 76 78 90 82 81 
80 79 77 84 80 81 
82 84 82 84 79 82 
73 72 73 80 79 76 
84 83 83 80 76 76 
77 73 75 84 80 81 
80 79 77 76 74 72 
82 80 81 77 74 73 
90 82 81 81 77 76 
77 76 78 79 79 77 
79 77 76 78 76 75 
77 77 75 84 85 82 
