84 84 80 79 78 77 
77 74 76 72 74 73 
76 77 74 78 76 76 
75 75 75 84 85 82 
76 76 76 89 83 82 
76 78 76 76 76 75 
76 78 75 80 79 78 
84 83 81 85 87 83 
85 82 81 80 78 77 
76 77 77 77 77 78 
72 74 73 76 76 76 
84 85 82 84 83 81 
80 79 78 76 77 77 
79 78 77 76 78 75 
89 83 82 76 77 74 
80 78 77 77 74 76 
76 76 75 84 84 80 
77 77 78 76 78 76 
85 87 83 75 75 75 
78 76 76 85 82 81 
84 83 81 80 78 77 
77 74 76 80 79 78 
75 75 75 72 74 73 
85 82 81 76 76 75 
76 77 77 79 78 77 
76 78 75 85 87 83 
76 77 74 77 77 78 
76 76 76 84 85 82 
76 78 76 78 76 76 
84 84 80 89 83 82 
76 76 75 76 77 74 
84 85 82 77 74 76 
78 76 76 76 77 77 
80 79 78 75 75 75 
79 78 77 85 82 81 
85 87 83 76 76 76 
80 78 77 76 78 75 
77 77 78 84 84 80 
72 74 73 84 83 81 
76 78 76 89 83 82 
77 74 76 79 78 77 
84 85 82 72 74 73 
75 75 75 78 76 76 
85 87 83 76 77 74 
76 76 76 84 83 81 
89 83 82 85 82 81 
76 78 76 84 84 80 
80 79 78 80 78 77 
76 78 75 77 77 78 
76 77 77 76 76 75 
76 76 75 89 83 82 
77 77 78 77 74 76 
72 74 73 85 87 83 
78 76 76 76 76 76 
76 77 74 76 78 76 
79 78 77 75 75 75 
85 82 81 76 77 77 
84 84 80 76 78 75 
84 83 81 80 79 78 
80 78 77 84 85 82 
84 83 81 76 78 76 
84 85 82 85 82 81 
80 79 78 76 77 74 
75 75 75 89 83 82 
85 87 83 76 76 75 
76 76 76 79 78 77 
80 78 77 84 84 80 
76 78 75 76 77 77 
72 74 73 77 77 78 
77 74 76 78 76 76 
76 76 75 80 78 77 
77 77 78 75 75 75 
78 76 76 76 78 75 
79 78 77 80 79 78 
84 84 80 76 76 76 
89 83 82 72 74 73 
76 78 76 77 74 76 
76 77 74 84 83 81 
85 82 81 85 87 83 
76 77 77 84 85 82 
77 74 76 76 77 77 
72 74 73 76 77 74 
84 85 82 84 84 80 
75 75 75 85 82 81 
85 87 83 77 77 78 
76 76 76 76 76 75 
80 78 77 89 83 82 
76 78 75 76 78 76 
80 79 78 78 76 76 
84 83 81 79 78 77 
76 76 75 76 78 75 
76 77 74 77 74 76 
79 78 77 80 78 77 
85 82 81 72 74 73 
76 77 77 76 76 76 
76 78 76 75 75 75 
77 77 78 84 85 82 
78 76 76 84 83 81 
84 84 80 80 79 78 
89 83 82 85 87 83 
84 83 81 85 82 81 
77 74 76 84 84 80 
72 74 73 79 78 77 
80 79 78 76 76 75 
76 76 76 76 78 76 
80 78 77 77 77 78 
76 78 75 89 83 82 
84 85 82 78 76 76 
85 87 83 76 77 77 
75 75 75 76 77 74 
72 74 73 76 76 75 
78 76 76 89 83 82 
75 75 75 80 78 77 
79 78 77 77 77 78 
76 76 76 77 74 76 
76 77 77 76 78 76 
84 83 81 76 78 75 
84 85 82 80 79 78 
85 82 81 76 77 74 
85 87 83 84 84 80 
76 76 75 79 78 77 
80 79 78 72 74 73 
76 77 74 76 77 77 
84 84 80 78 76 76 
89 83 82 84 85 82 
76 78 76 85 82 81 
80 78 77 85 87 83 
77 74 76 84 83 81 
76 78 75 75 75 75 
77 77 78 76 76 76 
72 74 73 76 78 75 
78 76 76 77 77 78 
75 75 75 76 76 75 
79 78 77 76 78 76 
85 87 83 77 74 76 
76 76 76 80 78 77 
76 77 77 84 84 80 
84 83 81 89 83 82 
84 85 82 76 77 74 
85 82 81 80 79 78 
77 74 76 75 75 75 
76 76 75 78 76 76 
76 78 76 85 87 83 
80 78 77 72 74 73 
77 77 78 85 82 81 
80 79 78 76 76 76 
76 77 74 79 78 77 
84 84 80 84 83 81 
89 83 82 76 77 77 
76 78 75 84 85 82 
84 83 81 75 75 75 
77 74 76 85 82 81 
77 77 78 76 76 75 
72 74 73 76 77 77 
84 85 82 85 87 83 
79 78 77 89 83 82 
84 84 80 76 77 74 
80 78 77 78 76 76 
76 76 76 76 78 75 
80 79 78 76 78 76 
78 76 76 79 78 77 
76 77 74 80 78 77 
75 75 75 76 76 76 
85 87 83 80 79 78 
89 83 82 77 77 78 
76 78 76 72 74 73 
76 78 75 77 74 76 
76 76 75 84 85 82 
85 82 81 84 84 80 
76 77 77 84 83 81 
76 78 75 85 82 81 
84 83 81 77 77 78 
77 74 76 76 76 75 
72 74 73 84 84 80 
84 85 82 79 78 77 
75 75 75 76 77 77 
85 87 83 78 76 76 
76 76 76 76 77 74 
80 78 77 76 78 76 
80 79 78 89 83 82 
76 76 75 84 83 81 
77 77 78 80 79 78 
78 76 76 72 74 73 
76 77 74 76 78 75 
79 78 77 85 87 83 
85 82 81 76 76 76 
84 84 80 75 75 75 
89 83 82 77 74 76 
76 78 76 84 85 82 
76 77 77 80 78 77 
76 76 75 80 79 78 
76 77 74 75 75 75 
79 78 77 72 74 73 
85 82 81 84 83 81 
89 83 82 76 78 75 
76 78 76 76 76 76 
77 77 78 80 78 77 
78 76 76 84 85 82 
84 84 80 77 74 76 
76 77 77 85 87 83 
