81 80 80 71 73 73 
70 71 70 79 78 79 
85 80 76 77 73 74 
77 74 74 70 72 72 
76 75 73 76 73 73 
74 73 72 75 73 73 
76 73 72 80 77 77 
81 79 79 76 76 73 
74 75 75 83 82 81 
70 69 69 82 82 81 
76 73 73 74 75 75 
82 82 81 70 71 70 
71 73 73 76 73 72 
79 78 79 81 80 80 
76 76 73 74 73 72 
77 73 74 70 69 69 
70 72 72 76 75 73 
75 73 73 85 80 76 
80 77 77 77 74 74 
83 82 81 81 79 79 
70 69 69 85 80 76 
79 78 79 82 82 81 
83 82 81 76 75 73 
74 75 75 71 73 73 
77 74 74 75 73 73 
77 73 74 74 73 72 
76 73 72 76 76 73 
76 73 73 70 72 72 
70 71 70 81 80 80 
80 77 77 81 79 79 
81 80 80 83 82 81 
82 82 81 77 73 74 
71 73 73 70 69 69 
81 79 79 76 73 73 
76 76 73 74 75 75 
76 75 73 70 71 70 
75 73 73 80 77 77 
74 73 72 79 78 79 
85 80 76 77 74 74 
70 72 72 76 73 72 
76 73 73 81 80 80 
70 69 69 75 73 73 
74 75 75 70 72 72 
77 74 74 76 75 73 
77 73 74 76 76 73 
76 73 72 81 79 79 
79 78 79 71 73 73 
70 71 70 85 80 76 
83 82 81 82 82 81 
80 77 77 74 73 72 
81 80 80 80 77 77 
82 82 81 76 73 73 
71 73 73 70 71 70 
70 72 72 83 82 81 
81 79 79 79 78 79 
85 80 76 76 73 72 
76 76 73 77 74 74 
75 73 73 77 73 74 
74 73 72 70 69 69 
76 75 73 74 75 75 
76 73 73 83 82 81 
70 72 72 71 73 73 
70 71 70 70 69 69 
81 79 79 74 73 72 
75 73 73 76 75 73 
77 73 74 74 75 75 
82 82 81 81 80 80 
85 80 76 79 78 79 
80 77 77 76 76 73 
76 73 72 77 74 74 
81 80 80 70 72 72 
70 69 69 76 73 72 
71 73 73 82 82 81 
79 78 79 76 73 73 
83 82 81 80 77 77 
74 75 75 70 71 70 
76 76 73 75 73 73 
77 74 74 81 79 79 
76 75 73 77 73 74 
74 73 72 85 80 76 
81 79 79 70 72 72 
76 76 73 76 75 73 
75 73 73 81 80 80 
77 73 74 70 71 70 
74 73 72 71 73 73 
76 73 72 83 82 81 
70 69 69 79 78 79 
85 80 76 82 82 81 
80 77 77 74 75 75 
77 74 74 76 73 73 
81 80 80 70 69 69 
82 82 81 77 74 74 
79 78 79 77 73 74 
70 72 72 76 76 73 
70 71 70 74 73 72 
74 75 75 81 79 79 
76 75 73 76 73 72 
76 73 73 80 77 77 
83 82 81 85 80 76 
71 73 73 75 73 73 
70 69 69 70 72 72 
81 79 79 82 82 81 
85 80 76 71 73 73 
77 74 74 83 82 81 
76 76 73 70 71 70 
76 73 72 76 73 73 
75 73 73 79 78 79 
77 73 74 81 80 80 
80 77 77 76 75 73 
74 73 72 74 75 75 
81 80 80 85 80 76 
82 82 81 74 73 72 
79 78 79 76 73 72 
70 71 70 75 73 73 
83 82 81 77 73 74 
74 75 75 77 74 74 
76 75 73 70 69 69 
71 73 73 81 79 79 
70 72 72 80 77 77 
76 73 73 76 76 73 
70 69 69 76 73 73 
81 79 79 76 75 73 
85 80 76 70 72 72 
77 74 74 70 71 70 
75 73 73 82 82 81 
77 73 74 71 73 73 
74 73 72 81 80 80 
76 73 72 74 75 75 
76 76 73 83 82 81 
80 77 77 79 78 79 
70 69 69 74 75 75 
71 73 73 76 73 73 
70 71 70 81 79 79 
85 80 76 76 75 73 
77 73 74 77 74 74 
74 73 72 76 73 72 
81 80 80 76 76 73 
82 82 81 80 77 77 
79 78 79 70 72 72 
75 73 73 83 82 81 
70 72 72 74 73 72 
81 79 79 75 73 73 
83 82 81 79 78 79 
74 75 75 82 82 81 
77 74 74 70 69 69 
76 75 73 81 80 80 
80 77 77 71 73 73 
76 73 73 70 71 70 
76 73 72 77 73 74 
76 76 73 85 80 76 
81 80 80 74 75 75 
70 69 69 76 76 73 
82 82 81 70 72 72 
71 73 73 76 75 73 
70 71 70 83 82 81 
75 73 73 76 73 72 
74 73 72 76 73 73 
85 80 76 81 79 79 
77 73 74 80 77 77 
79 78 79 77 74 74 
76 73 73 85 80 76 
70 72 72 77 73 74 
83 82 81 71 73 73 
77 74 74 74 73 72 
76 76 73 79 78 79 
80 77 77 70 69 69 
76 73 72 70 71 70 
81 79 79 81 80 80 
74 75 75 75 73 73 
76 75 73 82 82 81 
81 80 80 77 74 74 
70 69 69 81 79 79 
82 82 81 76 73 72 
71 73 73 76 76 73 
79 78 79 76 75 73 
70 71 70 80 77 77 
85 80 76 74 75 75 
75 73 73 70 72 72 
77 73 74 76 73 73 
74 73 72 83 82 81 
76 73 73 75 73 73 
70 72 72 70 71 70 
83 82 81 70 69 69 
74 75 75 79 78 79 
77 74 74 71 73 73 
76 76 73 82 82 81 
76 75 73 74 73 72 
80 77 77 85 80 76 
76 73 72 81 80 80 
81 79 79 77 73 74 
76 73 73 71 73 73 
70 72 72 79 78 79 
81 79 79 70 71 70 
83 82 81 75 73 73 
74 75 75 70 69 69 
77 74 74 77 73 74 
76 76 73 81 80 80 
76 75 73 85 80 76 
80 77 77 82 82 81 
76 73 72 74 73 72 
70 69 69 77 74 74 
82 82 81 74 75 75 
71 73 73 80 77 77 
79 78 79 83 82 81 
70 71 70 76 73 73 
75 73 73 81 79 79 
77 73 74 76 73 72 
74 73 72 70 72 72 
81 80 80 76 75 73 
85 80 76 76 76 73 
76 73 73 81 79 79 
70 69 69 71 73 73 
70 71 70 76 75 73 
74 75 75 76 76 73 
77 74 74 85 80 76 
77 73 74 82 82 81 
80 77 77 75 73 73 
83 82 81 81 80 80 
76 73 72 70 72 72 
79 78 79 74 73 72 
82 82 81 83 82 81 
71 73 73 79 78 79 
70 72 72 74 75 75 
81 79 79 76 73 72 
85 80 76 70 71 70 
76 75 73 77 74 74 
75 73 73 70 69 69 
74 73 72 80 77 77 
81 80 80 76 73 73 
76 76 73 77 73 74 
76 73 73 82 82 81 
79 78 79 81 79 79 
70 71 70 71 73 73 
83 82 81 70 72 72 
77 74 74 76 76 73 
77 73 74 75 73 73 
80 77 77 81 80 80 
70 69 69 74 73 72 
74 75 75 76 75 73 
76 73 72 85 80 76 
81 80 80 70 71 70 
70 72 72 76 73 73 
81 79 79 80 77 77 
75 73 73 77 74 74 
82 82 81 79 78 79 
71 73 73 74 75 75 
85 80 76 70 69 69 
76 76 73 76 73 72 
76 75 73 83 82 81 
74 73 72 77 73 74 
76 73 73 76 75 73 
82 82 81 70 69 69 
71 73 73 81 80 80 
70 72 72 77 74 74 
83 82 81 74 75 75 
75 73 73 74 73 72 
77 73 74 85 80 76 
79 78 79 70 71 70 
76 76 73 81 79 79 
80 77 77 76 73 72 
70 69 69 77 73 74 
85 80 76 75 73 73 
74 75 75 76 73 73 
76 75 73 70 72 72 
74 73 72 76 76 73 
76 73 72 71 73 73 
81 80 80 79 78 79 
81 79 79 83 82 81 
76 73 73 74 73 72 
70 72 72 75 73 73 
76 76 73 71 73 73 
81 79 79 70 69 69 
83 82 81 70 71 70 
74 75 75 85 80 76 
77 74 74 81 80 80 
76 75 73 79 78 79 
80 77 77 77 73 74 
76 73 72 82 82 81 
77 74 74 80 77 77 
81 80 80 76 73 72 
70 69 69 83 82 81 
71 73 73 77 74 74 
70 71 70 70 72 72 
75 73 73 76 73 73 
74 73 72 76 75 73 
82 82 81 76 76 73 
79 78 79 74 75 75 
85 80 76 80 77 77 
77 73 74 81 79 79 
76 73 73 77 73 74 
83 82 81 74 73 72 
74 75 75 81 80 80 
76 76 73 70 69 69 
76 75 73 71 73 73 
80 77 77 70 71 70 
76 73 72 75 73 73 
70 72 72 82 82 81 
81 79 79 85 80 76 
77 74 74 79 78 79 
81 80 80 81 79 79 
82 82 81 76 75 73 
79 78 79 76 76 73 
70 71 70 76 73 72 
85 80 76 76 73 73 
77 73 74 70 72 72 
74 73 72 77 74 74 
70 69 69 80 77 77 
75 73 73 74 75 75 
71 73 73 83 82 81 
76 73 73 77 74 74 
70 69 69 81 80 80 
76 76 73 70 72 72 
75 73 73 71 73 73 
77 73 74 79 78 79 
80 77 77 76 73 73 
74 73 72 70 71 70 
76 73 72 76 75 73 
85 80 76 83 82 81 
77 74 74 82 82 81 
81 79 79 74 75 75 
82 82 81 85 80 76 
71 73 73 74 73 72 
79 78 79 70 69 69 
70 71 70 77 73 74 
76 75 73 76 76 73 
83 82 81 76 73 72 
74 75 75 80 77 77 
70 69 69 70 71 70 
71 73 73 70 72 72 
83 82 81 76 73 73 
74 75 75 77 73 74 
77 74 74 76 73 72 
76 76 73 80 77 77 
76 75 73 75 73 73 
74 73 72 81 79 79 
81 80 80 82 82 81 
79 78 79 85 80 76 
70 72 72 81 79 79 
70 71 70 82 82 81 
76 73 73 79 78 79 
70 71 70 74 75 75 
81 79 79 77 74 74 
85 80 76 74 73 72 
75 73 73 76 76 73 
77 73 74 76 75 73 
76 73 72 70 69 69 
82 82 81 71 73 73 
80 77 77 83 82 81 
70 72 72 81 80 80 
76 73 73 76 73 72 
71 73 73 85 80 76 
79 78 79 75 73 73 
70 72 72 70 69 69 
70 71 70 76 76 73 
74 75 75 74 73 72 
76 75 73 80 77 77 
82 82 81 81 79 79 
83 82 81 77 74 74 
81 80 80 77 73 74 
70 69 69 76 75 73 
81 79 79 71 73 73 
77 74 74 74 75 75 
76 76 73 76 73 73 
75 73 73 70 71 70 
80 77 77 70 72 72 
76 73 72 79 78 79 
85 80 76 81 80 80 
77 73 74 83 82 81 
74 73 72 82 82 81 
81 80 80 75 73 73 
81 80 80 74 73 72 
76 73 73 70 69 69 
82 82 81 75 73 73 
71 73 73 77 73 74 
79 78 79 80 77 77 
70 72 72 85 80 76 
70 71 70 77 74 74 
83 82 81 76 76 73 
74 75 75 76 73 72 
76 75 73 81 79 79 
