75 71 72 74 74 76 
83 83 81 78 76 76 
80 77 74 75 73 72 
74 74 73 78 74 74 
77 82 75 78 76 78 
76 74 71 74 76 75 
81 80 79 76 77 75 
77 75 76 77 77 75 
75 77 76 79 79 79 
77 73 71 84 83 82 
74 74 76 77 82 75 
77 77 75 80 77 74 
78 74 74 76 74 71 
78 76 76 77 75 76 
78 76 78 75 77 76 
75 73 72 77 73 71 
76 77 75 74 74 73 
74 76 75 81 80 79 
84 83 82 83 83 81 
79 79 79 75 71 72 
74 76 75 74 74 76 
74 74 73 78 76 78 
77 82 75 77 75 76 
76 74 71 75 77 76 
78 74 74 78 76 76 
76 77 75 75 71 72 
80 77 74 84 83 82 
75 73 72 77 77 75 
77 73 71 83 83 81 
81 80 79 79 79 79 
74 74 76 78 74 74 
75 71 72 74 74 73 
83 83 81 74 76 75 
79 79 79 76 77 75 
84 83 82 75 73 72 
77 75 76 81 80 79 
75 77 76 77 73 71 
78 76 78 80 77 74 
77 77 75 76 74 71 
78 76 76 77 82 75 
81 80 79 75 77 76 
74 76 75 84 83 82 
80 77 74 83 83 81 
77 82 75 79 79 79 
76 74 71 75 71 72 
75 73 72 78 76 76 
77 73 71 77 77 75 
74 74 73 74 74 76 
78 74 74 78 76 78 
76 77 75 77 75 76 
74 74 76 77 73 71 
75 71 72 78 74 74 
83 83 81 81 80 79 
84 83 82 76 77 75 
77 75 76 75 73 72 
75 77 76 74 74 73 
78 76 76 80 77 74 
79 79 79 76 74 71 
77 77 75 77 82 75 
78 76 78 74 76 75 
74 74 73 81 80 79 
79 79 79 74 74 76 
77 82 75 78 74 74 
77 75 76 83 83 81 
77 77 75 78 76 76 
75 77 76 75 71 72 
78 76 78 84 83 82 
76 77 75 76 74 71 
75 73 72 74 76 75 
77 73 71 80 77 74 
74 74 76 75 77 76 
75 71 72 75 73 72 
83 83 81 77 77 75 
74 76 75 77 73 71 
84 83 82 77 75 76 
76 74 71 74 74 73 
78 74 74 76 77 75 
81 80 79 77 82 75 
80 77 74 79 79 79 
78 76 76 78 76 78 
83 83 81 74 74 76 
74 76 75 76 77 75 
80 77 74 77 82 75 
84 83 82 75 71 72 
77 77 75 74 74 73 
78 76 78 79 79 79 
75 73 72 81 80 79 
77 73 71 78 74 74 
77 75 76 76 74 71 
78 76 76 75 77 76 
81 80 79 80 77 74 
74 74 76 78 76 76 
74 74 73 74 76 75 
76 74 71 77 73 71 
75 77 76 75 73 72 
76 77 75 83 83 81 
75 71 72 78 76 78 
79 79 79 77 77 75 
77 82 75 84 83 82 
78 74 74 77 75 76 
83 83 81 79 79 79 
74 76 75 77 82 75 
84 83 82 76 74 71 
77 75 76 75 77 76 
78 76 76 81 80 79 
75 73 72 76 77 75 
77 73 71 74 74 73 
80 77 74 78 74 74 
77 77 75 75 71 72 
78 76 78 74 74 76 
75 71 72 77 75 76 
74 74 73 75 73 72 
77 82 75 77 73 71 
76 74 71 78 76 76 
75 77 76 83 83 81 
78 74 74 77 77 75 
76 77 75 80 77 74 
81 80 79 78 76 78 
74 74 76 84 83 82 
79 79 79 74 76 75 
83 83 81 76 74 71 
80 77 74 74 74 76 
84 83 82 79 79 79 
77 75 76 74 74 73 
77 77 75 75 77 76 
78 76 76 75 71 72 
75 73 72 77 82 75 
77 73 71 81 80 79 
78 76 78 76 77 75 
74 76 75 78 74 74 
74 74 76 75 73 72 
75 71 72 80 77 74 
74 76 75 77 75 76 
74 74 73 77 82 75 
84 83 82 77 77 75 
78 74 74 75 77 76 
79 79 79 78 76 76 
76 74 71 81 80 79 
78 76 78 83 83 81 
76 77 75 77 73 71 
81 80 79 78 74 74 
83 83 81 75 71 72 
77 82 75 76 77 75 
77 77 75 74 74 76 
75 77 76 84 83 82 
78 76 76 74 74 73 
75 73 72 76 74 71 
77 73 71 78 76 78 
77 75 76 79 79 79 
80 77 74 74 76 75 
75 71 72 77 82 75 
74 76 75 77 77 75 
84 83 82 78 76 76 
76 74 71 80 77 74 
78 74 74 75 73 72 
76 77 75 75 77 76 
74 74 76 81 80 79 
79 79 79 77 73 71 
78 76 78 77 75 76 
74 74 73 83 83 81 
83 83 81 78 74 74 
80 77 74 74 74 73 
77 82 75 76 74 71 
77 75 76 74 74 76 
77 77 75 78 76 78 
75 77 76 74 76 75 
77 73 71 75 71 72 
78 76 76 76 77 75 
75 73 72 79 79 79 
81 80 79 84 83 82 
74 74 76 76 77 75 
75 71 72 74 76 75 
83 83 81 75 73 72 
79 79 79 74 74 73 
84 83 82 78 74 74 
77 75 76 80 77 74 
77 77 75 81 80 79 
75 77 76 77 82 75 
78 76 76 77 73 71 
78 76 78 76 74 71 
81 80 79 75 71 72 
74 76 75 78 76 76 
80 77 74 75 77 76 
77 82 75 83 83 81 
76 74 71 74 74 76 
75 73 72 78 76 78 
77 73 71 77 75 76 
76 77 75 77 77 75 
74 74 73 84 83 82 
78 74 74 79 79 79 
81 80 79 77 75 76 
74 74 73 75 71 72 
77 82 75 78 76 76 
76 74 71 77 77 75 
78 74 74 74 74 76 
75 73 72 84 83 82 
77 73 71 75 77 76 
76 77 75 79 79 79 
74 76 75 83 83 81 
80 77 74 78 76 78 
74 74 76 74 76 75 
75 71 72 76 77 75 
77 75 76 77 82 75 
83 83 81 77 73 71 
79 79 79 81 80 79 
84 83 82 80 77 74 
77 77 75 75 73 72 
75 77 76 76 74 71 
78 76 76 78 74 74 
78 76 78 74 74 73 
74 74 76 74 74 73 
75 71 72 76 74 71 
83 83 81 80 77 74 
84 83 82 74 76 75 
77 75 76 76 77 75 
77 77 75 77 73 71 
78 76 78 78 74 74 
79 79 79 77 82 75 
75 77 76 81 80 79 
78 76 76 75 73 72 
74 76 75 78 76 78 
74 74 73 75 77 76 
77 82 75 77 77 75 
76 74 71 79 79 79 
78 74 74 75 71 72 
75 73 72 77 75 76 
77 73 71 74 74 76 
76 77 75 84 83 82 
81 80 79 83 83 81 
80 77 74 78 76 76 
81 80 79 77 77 75 
74 76 75 75 71 72 
74 74 73 79 79 79 
77 82 75 75 77 76 
76 74 71 78 76 78 
78 74 74 84 83 82 
77 73 71 78 76 76 
76 77 75 74 74 76 
80 77 74 77 75 76 
75 73 72 83 83 81 
74 74 76 76 74 71 
79 79 79 78 74 74 
84 83 82 74 74 73 
77 75 76 77 73 71 
77 77 75 76 77 75 
75 77 76 80 77 74 
78 76 76 74 76 75 
78 76 78 75 73 72 
75 71 72 81 80 79 
83 83 81 77 82 75 
75 71 72 75 77 76 
83 83 81 77 75 76 
74 76 75 75 73 72 
80 77 74 77 73 71 
76 74 71 76 77 75 
78 74 74 77 82 75 
78 76 76 77 77 75 
81 80 79 74 74 73 
74 74 76 79 79 79 
84 83 82 78 76 78 
74 74 73 76 74 71 
77 77 75 83 83 81 
75 77 76 74 74 76 
75 73 72 75 71 72 
77 73 71 74 76 75 
76 77 75 78 74 74 
78 76 78 78 76 76 
77 82 75 81 80 79 
74 74 76 80 77 74 
75 71 72 77 77 75 
74 74 73 77 73 71 
76 74 71 83 83 81 
78 74 74 74 76 75 
81 80 79 78 76 76 
79 79 79 84 83 82 
77 82 75 75 73 72 
75 77 76 77 75 76 
76 77 75 78 76 78 
83 83 81 75 77 76 
80 77 74 76 77 75 
84 83 82 74 74 76 
77 75 76 75 71 72 
77 77 75 78 74 74 
78 76 76 76 74 71 
78 76 78 81 80 79 
75 73 72 74 74 73 
74 76 75 79 79 79 
77 73 71 77 82 75 
75 71 72 78 76 76 
76 74 71 84 83 82 
75 77 76 77 77 75 
74 74 76 78 76 78 
74 74 73 77 75 76 
83 83 81 76 77 75 
74 76 75 74 74 73 
80 77 74 81 80 79 
78 76 76 74 74 76 
75 73 72 75 77 76 
77 73 71 76 74 71 
84 83 82 77 82 75 
77 75 76 78 74 74 
77 77 75 79 79 79 
78 76 78 75 71 72 
81 80 79 75 73 72 
74 74 76 83 83 81 
75 71 72 84 83 82 
79 79 79 78 76 78 
76 74 71 77 75 76 
75 77 76 78 76 76 
78 74 74 77 73 71 
76 77 75 74 76 75 
74 74 73 77 77 75 
77 82 75 80 77 74 
74 74 76 75 71 72 
74 76 75 76 74 71 
84 83 82 77 73 71 
77 77 75 77 75 76 
78 76 76 83 83 81 
75 73 72 80 77 74 
76 77 75 81 80 79 
79 79 79 75 77 76 
78 74 74 74 74 73 
78 76 78 77 82 75 
74 76 75 80 77 74 
83 83 81 84 83 82 
80 77 74 77 77 75 
77 82 75 74 74 76 
77 75 76 78 76 76 
76 74 71 78 74 74 
77 73 71 75 73 72 
81 80 79 74 76 75 
75 71 72 79 79 79 
74 74 73 76 77 75 
75 77 76 78 76 78 
77 75 76 84 83 82 
79 79 79 80 77 74 
77 82 75 74 76 75 
76 77 75 75 73 72 
81 80 79 77 73 71 
74 74 76 77 77 75 
75 71 72 83 83 81 
79 79 79 77 75 76 
84 83 82 75 77 76 
74 74 73 78 76 76 
78 74 74 81 80 79 
78 76 78 77 73 71 
81 80 79 76 74 71 
80 77 74 75 71 72 
77 75 76 74 76 75 
75 77 76 78 74 74 
75 73 72 74 74 76 
77 73 71 76 77 75 
77 82 75 74 74 73 
77 77 75 84 83 82 
78 76 76 79 79 79 
83 83 81 78 76 78 
74 74 76 77 75 76 
75 71 72 77 73 71 
74 76 75 75 77 76 
74 74 73 80 77 74 
76 74 71 77 82 75 
78 74 74 83 83 81 
76 77 75 78 76 76 
79 79 79 75 73 72 
84 83 82 81 80 79 
78 76 78 77 77 75 
76 77 75 77 82 75 
79 79 79 83 83 81 
76 74 71 75 73 72 
78 74 74 80 77 74 
81 80 79 74 74 76 
83 83 81 74 74 73 
80 77 74 76 74 71 
77 75 76 78 76 78 
77 77 75 74 76 75 
75 77 76 76 77 75 
78 76 76 84 83 82 
75 73 72 78 74 74 
77 73 71 79 79 79 
77 82 75 75 71 72 
