86 82 81 80 78 76 
75 74 73 84 85 81 
85 85 82 75 75 75 
81 77 76 75 72 72 
79 82 79 78 76 77 
78 78 78 76 76 75 
77 76 76 83 82 80 
80 77 76 76 74 75 
86 83 81 80 78 78 
74 75 75 86 82 82 
76 74 75 77 76 76 
75 75 75 80 77 76 
80 78 76 75 74 73 
83 82 80 81 77 76 
78 78 78 80 78 78 
78 76 77 86 82 81 
76 76 75 86 83 81 
75 72 72 74 75 75 
86 82 82 85 85 82 
84 85 81 79 82 79 
76 74 75 84 85 81 
81 77 76 76 76 75 
75 72 72 78 78 78 
86 83 81 80 78 76 
74 75 75 80 78 78 
77 76 76 75 74 73 
85 85 82 79 82 79 
83 82 80 86 82 81 
86 82 82 75 75 75 
80 77 76 78 76 77 
86 82 81 76 74 75 
75 74 73 80 77 76 
79 82 79 86 82 82 
80 78 76 85 85 82 
84 85 81 83 82 80 
78 78 78 77 76 76 
78 76 77 86 83 81 
75 75 75 81 77 76 
76 76 75 74 75 75 
80 78 78 75 72 72 
76 74 75 75 74 73 
81 77 76 78 78 78 
75 72 72 80 78 76 
83 82 80 75 75 75 
74 75 75 78 76 77 
86 82 82 76 76 75 
77 76 76 84 85 81 
80 77 76 80 78 78 
85 85 82 86 82 81 
86 83 81 79 82 79 
75 75 75 75 72 72 
79 82 79 76 74 75 
80 78 76 83 82 80 
84 85 81 81 77 76 
78 78 78 86 83 81 
78 76 77 85 85 82 
76 76 75 77 76 76 
80 78 78 86 82 82 
75 74 73 74 75 75 
86 82 81 80 77 76 
76 74 75 80 78 76 
85 85 82 84 85 81 
75 72 72 86 82 82 
86 83 81 81 77 76 
78 76 77 78 78 78 
80 77 76 77 76 76 
80 78 78 76 76 75 
86 82 81 75 74 73 
79 82 79 75 75 75 
74 75 75 83 82 80 
75 75 75 80 78 78 
81 77 76 85 85 82 
83 82 80 86 83 81 
84 85 81 78 76 77 
76 76 75 75 72 72 
86 82 82 76 74 75 
77 76 76 86 82 81 
75 74 73 79 82 79 
78 78 78 74 75 75 
80 78 76 80 77 76 
80 78 78 75 74 73 
85 85 82 77 76 76 
75 72 72 86 83 81 
84 85 81 75 75 75 
74 75 75 81 77 76 
78 78 78 80 77 76 
78 76 77 76 74 75 
76 76 75 80 78 76 
79 82 79 86 82 81 
86 82 82 83 82 80 
86 82 81 76 76 75 
76 74 75 85 85 82 
81 77 76 80 78 78 
83 82 80 75 72 72 
86 83 81 86 82 82 
77 76 76 78 76 77 
80 77 76 84 85 81 
75 74 73 78 78 78 
80 78 76 79 82 79 
75 75 75 74 75 75 
75 72 72 80 77 76 
74 75 75 76 74 75 
78 78 78 75 75 75 
78 76 77 80 78 76 
76 76 75 75 74 73 
80 78 78 83 82 80 
85 85 82 86 83 81 
79 82 79 77 76 76 
84 85 81 86 82 81 
86 82 82 81 77 76 
86 82 81 86 82 82 
76 74 75 75 72 72 
75 75 75 76 76 75 
81 77 76 79 82 79 
80 78 76 84 85 81 
83 82 80 78 78 78 
86 83 81 74 75 75 
80 77 76 85 85 82 
77 76 76 80 78 78 
75 74 73 78 76 77 
80 78 78 80 78 76 
81 77 76 78 76 77 
83 82 80 85 85 82 
86 83 81 75 74 73 
74 75 75 77 76 76 
76 76 75 76 74 75 
86 82 82 80 77 76 
75 75 75 86 82 81 
75 72 72 84 85 81 
78 78 78 79 82 79 
75 74 73 81 77 76 
80 78 76 86 82 82 
77 76 76 86 83 81 
80 77 76 74 75 75 
86 82 81 75 72 72 
76 74 75 75 75 75 
85 85 82 76 76 75 
79 82 79 80 78 78 
84 85 81 78 78 78 
78 76 77 83 82 80 
86 82 81 86 83 81 
75 74 73 83 82 80 
85 85 82 74 75 75 
79 82 79 75 72 72 
80 78 76 75 75 75 
78 76 77 76 76 75 
77 76 76 86 82 82 
80 77 76 81 77 76 
76 74 75 78 78 78 
84 85 81 80 78 78 
75 75 75 77 76 76 
81 77 76 76 74 75 
75 72 72 75 74 73 
74 75 75 80 78 76 
76 76 75 80 77 76 
86 82 82 78 76 77 
80 78 78 85 85 82 
83 82 80 79 82 79 
86 83 81 84 85 81 
78 78 78 86 82 81 
75 75 75 78 76 77 
81 77 76 77 76 76 
75 72 72 85 85 82 
83 82 80 80 77 76 
86 83 81 76 74 75 
74 75 75 79 82 79 
78 78 78 80 78 76 
76 76 75 84 85 81 
86 82 82 75 74 73 
80 78 78 86 82 81 
86 82 81 74 75 75 
75 74 73 75 75 75 
85 85 82 78 78 78 
80 78 76 81 77 76 
84 85 81 86 82 82 
78 76 77 80 78 78 
77 76 76 75 72 72 
76 74 75 83 82 80 
80 77 76 86 83 81 
79 82 79 76 76 75 
86 82 81 83 82 80 
75 74 73 77 76 76 
75 75 75 86 82 82 
79 82 79 85 85 82 
80 78 76 86 83 81 
84 85 81 76 74 75 
78 78 78 75 72 72 
78 76 77 80 77 76 
76 76 75 81 77 76 
80 78 78 74 75 75 
76 74 75 80 78 78 
85 85 82 75 74 73 
75 72 72 78 76 77 
83 82 80 76 76 75 
86 83 81 75 75 75 
86 82 82 78 78 78 
77 76 76 80 78 76 
80 77 76 79 82 79 
74 75 75 84 85 81 
81 77 76 86 82 81 
76 74 75 79 82 79 
85 85 82 78 76 77 
75 72 72 75 75 75 
83 82 80 80 78 76 
86 83 81 78 78 78 
74 75 75 75 74 73 
77 76 76 76 76 75 
81 77 76 84 85 81 
80 77 76 86 82 81 
75 74 73 76 74 75 
75 75 75 83 82 80 
79 82 79 86 83 81 
80 78 76 75 72 72 
78 76 77 74 75 75 
84 85 81 77 76 76 
78 78 78 81 77 76 
76 76 75 86 82 82 
80 78 78 80 77 76 
86 82 81 85 85 82 
86 82 82 80 78 78 
85 85 82 80 78 76 
81 77 76 75 75 75 
75 72 72 80 78 78 
74 75 75 76 76 75 
86 82 82 79 82 79 
77 76 76 78 78 78 
80 77 76 75 74 73 
76 74 75 86 82 81 
83 82 80 84 85 81 
86 83 81 78 76 77 
86 82 81 81 77 76 
75 74 73 85 85 82 
75 75 75 86 83 81 
79 82 79 80 77 76 
80 78 76 77 76 76 
84 85 81 74 75 75 
78 76 77 75 72 72 
80 78 78 76 74 75 
78 78 78 86 82 82 
76 76 75 83 82 80 
75 72 72 83 82 80 
76 76 75 86 82 81 
80 78 78 81 77 76 
85 85 82 76 74 75 
79 82 79 80 78 76 
84 85 81 80 77 76 
74 75 75 75 75 75 
78 78 78 75 74 73 
78 76 77 77 76 76 
86 82 82 86 83 81 
86 82 81 79 82 79 
76 74 75 78 76 77 
75 74 73 80 78 78 
75 75 75 84 85 81 
80 78 76 76 76 75 
86 83 81 75 72 72 
80 77 76 78 78 78 
81 77 76 74 75 75 
83 82 80 86 82 82 
77 76 76 85 85 82 
79 82 79 81 77 76 
84 85 81 80 78 76 
78 76 77 75 74 73 
76 76 75 75 75 75 
86 82 82 86 82 81 
80 78 78 77 76 76 
75 72 72 76 74 75 
74 75 75 86 83 81 
78 78 78 83 82 80 
85 85 82 80 77 76 
76 74 75 74 75 75 
75 74 73 76 76 75 
75 75 75 78 78 78 
80 78 76 78 76 77 
83 82 80 80 78 78 
77 76 76 79 82 79 
80 77 76 75 72 72 
81 77 76 86 82 82 
86 83 81 85 85 82 
86 82 81 84 85 81 
75 75 75 79 82 79 
80 78 76 76 74 75 
83 82 80 74 75 75 
78 78 78 78 76 77 
76 76 75 80 78 78 
86 82 82 75 72 72 
77 76 76 80 77 76 
75 74 73 86 82 81 
84 85 81 85 85 82 
81 77 76 86 83 81 
85 85 82 81 77 76 
79 82 79 75 74 73 
75 72 72 76 76 75 
86 83 81 83 82 80 
74 75 75 78 78 78 
80 77 76 80 78 76 
80 78 78 75 75 75 
86 82 81 77 76 76 
76 74 75 86 82 82 
78 76 77 84 85 81 
76 74 75 80 77 76 
75 72 72 81 77 76 
83 82 80 77 76 76 
78 76 77 79 82 79 
75 74 73 80 78 76 
81 77 76 83 82 80 
79 82 79 84 85 81 
86 83 81 76 76 75 
74 75 75 75 72 72 
77 76 76 76 74 75 
80 77 76 75 75 75 
80 78 78 78 78 78 
86 82 81 78 76 77 
85 85 82 86 82 82 
76 74 75 81 77 76 
75 74 73 75 72 72 
79 82 79 83 82 80 
80 78 76 74 75 75 
84 85 81 86 83 81 
78 76 77 86 82 82 
77 76 76 75 75 75 
80 77 76 76 76 75 
86 82 81 78 78 78 
85 85 82 80 78 78 
75 75 75 80 78 76 
81 77 76 75 74 73 
75 72 72 77 76 76 
83 82 80 76 74 75 
78 78 78 85 85 82 
76 76 75 79 82 79 
86 82 82 84 85 81 
86 83 81 80 77 76 
74 75 75 86 82 81 
80 78 78 78 76 77 
75 74 73 86 82 82 
76 74 75 86 83 81 
75 75 75 85 85 82 
80 78 76 78 78 78 
77 76 76 81 77 76 
80 77 76 83 82 80 
86 82 81 80 78 78 
84 85 81 76 76 75 
78 76 77 75 75 75 
79 82 79 74 75 75 
75 75 75 75 74 73 
81 77 76 80 78 76 
75 72 72 79 82 79 
83 82 80 78 76 77 
74 75 75 80 77 76 
78 78 78 76 74 75 
76 76 75 85 85 82 
86 83 81 86 82 81 
80 78 78 84 85 81 
86 82 82 77 76 76 
75 74 73 86 83 81 
76 74 75 76 76 75 
79 82 79 78 78 78 
80 78 76 80 78 78 
78 76 77 81 77 76 
77 76 76 74 75 75 
80 77 76 86 82 82 
86 82 81 75 75 75 
85 85 82 83 82 80 
84 85 81 75 72 72 
76 76 75 78 78 78 
85 85 82 75 72 72 
80 78 76 86 82 81 
84 85 81 75 74 73 
86 82 82 74 75 75 
80 78 78 86 83 81 
75 75 75 76 74 75 
81 77 76 80 77 76 
75 72 72 86 82 81 
83 82 80 75 74 73 
86 83 81 77 76 76 
74 75 75 85 85 82 
78 78 78 84 85 81 
76 76 75 78 76 77 
86 82 82 80 78 76 
80 78 78 79 82 79 
