1.95 3.65 4.27 
1.39 4.92 10.39 
1.7 3.95 5.62 
1.99 3.48 4.34 
1.65 4.09 5.9 
2.52 3.35 3.08 
1.31 5.75 12.0 
2.88 3.33 2.69 
3.48 3.46 2.25 
5.75 3.98 1.68 
5.66 3.83 1.72 
1.98 3.6 4.21 
2.52 3.35 3.08 
1.94 3.66 4.3 
1.79 3.75 5.09 
2.25 3.41 3.54 
2.25 3.52 3.42 
5.34 3.97 1.72 
2.08 3.56 3.87 
1.44 4.74 8.6 
1.85 3.63 4.89 
2.69 3.52 2.75 
1.39 5.15 9.62 
2.34 3.39 3.37 
3.79 3.45 2.14 
2.43 3.44 3.15 
4.85 4.08 1.76 
2.76 3.36 2.78 
6.25 3.93 1.65 
1.74 4.0 5.12 
1.93 3.51 4.62 
2.15 3.63 3.57 
1.37 5.26 10.17 
1.36 5.28 10.21 
1.19 8.0 17.75 
6.13 4.21 1.61 
1.95 3.5 4.5 
1.97 3.72 4.09 
2.05 3.54 4.0 
3.55 3.45 2.23 
1.28 6.12 13.0 
5.75 4.16 1.65 
4.11 3.57 2.01 
1.94 3.49 4.56 
2.36 3.48 3.23 
2.75 3.34 2.8 
3.21 3.26 2.49 
1.86 3.74 4.62 
4.32 3.65 1.94 
2.23 3.53 3.48 
2.32 3.23 3.57 
1.71 3.99 5.35 
2.45 3.51 3.06 
1.27 6.45 12.78 
2.54 3.36 3.04 
2.47 3.41 3.1 
2.3 3.44 3.4 
1.68 3.94 5.81 
3.22 3.3 2.46 
1.99 3.61 4.15 
4.55 3.97 1.83 
1.53 4.28 7.48 
1.23 6.9 16.7 
5.98 4.16 1.63 
2.04 3.51 4.07 
2.47 3.46 3.06 
4.03 3.82 1.96 
2.22 3.54 3.49 
2.49 3.36 3.12 
3.06 3.39 2.51 
2.5 3.34 3.11 
2.13 3.54 3.72 
1.83 3.76 4.84 
1.84 3.65 4.93 
1.24 6.9 13.8 
2.26 3.63 3.31 
3.13 3.46 2.43 
2.06 3.67 3.81 
2.75 3.42 2.75 
2.72 3.33 2.84 
1.34 5.41 11.0 
2.01 3.67 3.99 
3.23 3.4 2.4 
1.34 5.58 10.6 
1.76 3.88 5.1 
2.48 3.54 2.99 
6.29 4.31 1.59 
2.08 3.42 4.07 
2.58 3.44 2.93 
2.08 3.41 4.06 
1.43 5.07 8.2 
3.09 3.22 2.59 
2.21 3.56 3.48 
2.02 3.49 4.18 
2.1 3.38 4.03 
3.91 3.74 2.01 
3.58 3.42 2.23 
2.08 3.56 3.87 
2.59 3.41 2.93 
2.57 3.41 2.96 
2.07 3.54 3.92 
4.02 3.46 2.08 
1.3 6.22 11.03 
2.39 3.43 3.24 
5.05 3.93 1.76 
2.6 3.38 2.94 
2.84 3.36 2.7 
1.49 4.61 7.5 
1.55 4.37 6.88 
1.43 4.8 9.0 
2.18 3.56 3.57 
1.88 3.79 4.43 
1.34 5.25 12.05 
2.46 3.47 3.06 
3.96 3.51 2.07 
4.79 3.81 1.82 
2.58 3.49 2.89 
1.7 4.18 5.21 
8.15 4.93 1.44 
1.68 3.99 5.73 
1.43 4.86 8.78 
1.57 4.2 6.8 
1.67 4.15 5.56 
2.85 3.55 2.58 
1.61 4.06 6.5 
1.91 3.59 4.6 
4.14 3.38 2.07 
6.68 4.29 1.57 
1.55 4.43 6.78 
1.56 4.31 6.77 
2.77 3.25 2.85 
2.95 3.53 2.51 
1.69 4.04 5.53 
3.26 3.45 2.36 
1.58 4.4 6.28 
3.16 3.28 2.51 
1.48 4.55 7.95 
5.62 4.34 1.63 
2.58 3.49 2.89 
2.1 3.41 3.98 
1.28 6.14 13.53 
1.38 5.23 9.75 
1.43 4.7 9.06 
1.52 4.37 7.57 
5.25 4.06 1.71 
2.68 3.44 2.8 
2.16 3.48 3.7 
4.75 3.69 1.85 
5.75 4.35 1.62 
2.06 3.63 3.88 
3.46 3.39 2.29 
2.55 3.32 3.06 
1.32 5.9 10.9 
2.92 3.56 2.52 
2.86 3.31 2.71 
2.63 3.33 2.94 
6.24 4.24 1.6 
1.45 4.59 9.0 
1.39 5.32 9.0 
3.11 3.59 2.38 
1.32 5.69 11.8 
2.07 3.8 3.65 
1.47 4.5 8.45 
2.03 3.58 4.02 
2.66 3.44 2.83 
2.51 3.3 3.14 
2.64 3.27 2.98 
2.1 3.46 3.92 
4.14 3.55 2.01 
2.38 3.58 3.12 
2.66 3.29 2.94 
2.48 3.45 3.06 
1.52 4.52 7.14 
1.95 3.87 4.0 
1.21 7.65 16.0 
3.37 3.58 2.25 
3.6 3.53 2.18 
3.33 3.31 2.4 
1.96 3.42 4.58 
1.46 4.77 8.0 
1.45 4.86 8.07 
2.09 3.41 4.03 
1.95 3.63 4.3 
2.6 3.38 2.95 
2.05 3.53 4.02 
3.92 3.55 2.07 
2.18 3.35 3.8 
3.57 3.41 2.24 
4.25 4.1 1.85 
5.51 3.91 1.71 
1.27 6.47 12.81 
1.94 3.75 4.18 
1.52 4.28 7.66 
3.13 3.49 2.42 
2.49 3.34 3.14 
5.14 4.11 1.72 
2.81 3.2 2.84 
3.97 3.62 2.03 
3.98 3.49 2.07 
2.78 3.59 2.62 
3.2 3.25 2.5 
2.01 3.65 4.02 
5.05 3.8 1.79 
1.46 4.58 8.54 
2.84 3.58 2.57 
1.52 4.88 6.44 
2.0 3.51 4.25 
2.01 3.44 4.31 
1.78 3.71 5.32 
1.75 3.95 5.09 
3.75 3.44 2.16 
1.89 3.68 4.54 
1.81 3.97 4.65 
1.39 5.34 8.88 
2.55 3.5 2.92 
1.71 3.73 5.95 
1.35 5.48 10.2 
2.34 3.37 3.37 
4.29 3.61 1.96 
2.42 3.31 3.28 
3.63 3.4 2.22 
2.07 3.48 4.0 
1.91 3.45 4.84 
4.35 3.5 1.98 
3.06 3.34 2.54 
2.07 3.54 3.93 
2.17 3.28 3.92 
5.19 4.09 1.71 
2.06 3.62 3.87 
1.69 3.92 5.77 
1.76 3.72 5.39 
2.48 3.25 3.23 
2.62 3.44 2.88 
1.68 3.82 6.17 
4.57 3.79 1.85 
7.5 4.73 1.48 
2.68 3.04 3.14 
1.89 3.57 4.69 
1.68 4.27 5.23 
4.32 3.43 2.01 
2.44 3.27 3.28 
1.45 4.71 8.42 
1.61 4.26 6.14 
2.22 3.33 3.71 
1.77 3.74 5.33 
2.66 3.36 2.88 
2.26 3.28 3.67 
1.51 4.39 7.73 
3.84 3.58 2.08 
2.1 3.37 4.04 
2.07 3.44 4.06 
1.46 4.79 7.95 
2.24 3.28 3.71 
1.52 4.33 7.65 
2.43 3.42 3.16 
5.1 3.74 1.79 
3.24 3.26 2.47 
1.71 4.16 5.08 
4.89 3.59 1.86 
2.06 3.66 3.82 
1.57 4.42 6.32 
2.9 3.37 2.65 
1.69 3.74 6.16 
2.45 3.31 3.22 
2.84 3.13 2.87 
1.85 3.75 4.7 
1.48 4.5 8.27 
3.32 3.32 2.39 
4.44 3.69 1.91 
2.91 3.3 2.68 
1.73 3.84 5.5 
5.31 4.08 1.7 
2.48 3.36 3.13 
1.37 5.21 10.28 
2.64 3.5 2.81 
1.66 3.92 6.21 
2.03 3.53 4.1 
4.03 3.64 2.01 
1.52 4.44 7.28 
1.71 4.11 5.17 
1.22 7.08 16.27 
2.74 3.4 2.77 
1.63 4.04 6.29 
2.04 3.47 4.13 
2.39 3.54 3.13 
3.01 3.33 2.58 
3.71 3.5 2.15 
4.24 3.42 2.03 
1.96 3.49 4.47 
6.0 4.2 1.63 
2.73 3.22 2.91 
7.27 4.41 1.52 
1.62 4.29 5.92 
1.76 3.9 5.1 
2.96 3.35 2.6 
2.67 3.64 2.69 
1.73 3.81 5.55 
2.4 3.27 3.36 
2.31 3.24 3.6 
1.86 3.75 4.61 
2.13 3.43 3.85 
2.71 3.29 2.88 
1.56 4.41 6.57 
1.36 5.4 9.82 
6.46 4.12 1.6 
3.7 3.65 2.1 
2.49 3.5 3.01 
2.19 3.41 3.7 
2.17 3.39 3.8 
2.11 3.36 4.0 
1.95 3.65 4.29 
2.27 3.35 3.56 
2.11 3.47 3.89 
3.64 3.47 2.19 
2.13 3.36 3.95 
1.35 5.42 10.72 
1.58 4.23 6.56 
3.96 3.5 2.08 
3.47 3.41 2.28 
3.9 3.77 2.01 
1.61 4.28 6.11 
3.51 3.5 2.23 
1.92 3.65 4.44 
2.89 3.48 2.59 
2.72 3.54 2.7 
2.66 3.39 2.85 
1.26 6.35 14.88 
2.28 3.47 3.4 
2.33 3.41 3.35 
2.36 3.23 3.49 
1.36 5.52 9.56 
3.71 3.52 2.14 
1.92 3.75 4.3 
4.81 3.74 1.83 
6.29 4.44 1.57 
1.7 4.13 5.22 
1.54 4.25 7.45 
1.56 4.37 6.74 
1.25 6.45 14.75 
6.61 4.2 1.58 
3.09 3.6 2.39 
1.57 4.58 6.05 
1.31 5.91 11.67 
1.74 3.79 5.54 
4.89 4.02 1.76 
1.24 6.82 15.4 
1.27 6.28 13.26 
2.0 3.8 3.89 
2.03 3.54 4.08 
2.75 3.3 2.83 
1.74 3.95 5.23 
4.06 3.49 2.05 
2.07 3.45 4.04 
2.73 3.44 2.75 
3.15 3.56 2.37 
2.72 3.56 2.69 
5.39 4.17 1.68 
1.96 3.54 4.38 
2.07 3.53 3.93 
1.91 3.98 4.07 
4.59 3.68 1.88 
3.02 3.55 2.45 
1.43 4.96 8.34 
1.54 4.65 6.48 
2.54 3.53 2.92 
2.03 3.71 3.88 
3.01 3.56 2.46 
2.02 3.86 3.76 
1.85 3.82 4.6 
1.75 4.0 5.05 
1.17 9.35 18.0 
2.33 3.76 3.07 
1.75 4.33 4.58 
4.54 4.16 1.79 
1.34 5.69 9.9 
3.48 3.82 2.12 
6.46 4.79 1.52 
2.03 3.8 3.78 
2.42 3.7 2.97 
1.67 4.13 5.61 
