1.26 6.45 14.01 
3.14 3.38 2.46 
1.37 5.1 10.6 
2.48 3.26 3.22 
1.95 3.47 4.55 
2.21 3.34 3.73 
3.96 3.55 2.06 
1.35 5.48 10.3 
5.8 4.28 1.63 
9.77 4.81 1.41 
2.56 3.36 3.01 
1.21 7.28 17.7 
2.44 3.25 3.3 
2.72 3.45 2.76 
1.86 3.76 4.62 
1.64 4.13 5.98 
2.48 3.18 3.31 
4.95 3.93 1.79 
1.49 4.64 7.5 
1.83 4.05 4.43 
6.11 4.18 1.62 
3.79 3.33 2.19 
1.2 7.8 17.95 
1.74 3.78 5.58 
2.43 3.23 3.35 
1.88 3.66 4.67 
2.8 3.43 2.69 
2.33 3.16 3.63 
4.54 3.8 1.87 
2.69 3.48 2.77 
3.03 3.48 2.48 
1.32 5.62 12.04 
2.23 3.35 3.66 
1.3 5.92 11.85 
1.79 3.78 5.06 
2.1 3.35 4.07 
3.71 3.5 2.15 
3.57 3.48 2.21 
1.27 6.33 13.29 
2.15 3.33 3.91 
4.71 3.63 1.88 
2.49 3.36 3.12 
2.14 3.4 3.86 
2.77 3.15 2.91 
2.46 3.34 3.18 
4.56 3.89 1.84 
1.39 5.09 9.52 
5.64 4.23 1.65 
2.39 3.56 3.12 
1.53 4.39 7.25 
1.8 3.86 4.87 
1.22 7.05 16.5 
2.64 3.37 2.9 
6.79 4.32 1.56 
1.96 3.81 4.04 
1.39 5.44 8.41 
1.47 4.63 8.14 
2.96 3.23 2.69 
2.01 3.46 4.29 
2.13 3.42 3.86 
8.05 4.57 1.48 
2.12 3.44 3.89 
1.79 3.72 5.16 
1.46 4.78 7.95 
2.55 3.23 3.14 
1.92 3.65 4.44 
1.67 4.1 5.64 
1.66 4.19 5.62 
2.16 3.45 3.73 
1.91 3.61 4.56 
1.44 4.87 8.39 
2.83 3.37 2.7 
8.5 4.68 1.45 
1.56 4.29 6.76 
1.47 4.79 7.77 
2.25 3.59 3.31 
1.59 4.12 6.79 
6.52 4.3 1.58 
2.55 3.31 3.07 
5.05 3.97 1.75 
1.44 4.84 8.29 
1.65 4.1 5.94 
5.21 3.95 1.74 
1.92 3.72 4.37 
1.89 3.62 4.65 
6.66 4.71 1.52 
4.49 3.81 1.87 
2.92 3.5 2.55 
1.76 3.93 5.03 
2.33 3.32 3.45 
1.28 6.21 13.23 
1.19 7.8 19.99 
1.74 3.85 5.39 
4.01 3.61 2.03 
2.35 3.46 3.27 
3.77 3.74 2.05 
2.42 3.37 3.22 
3.89 3.53 2.08 
1.9 3.81 4.33 
2.08 3.48 3.96 
2.52 3.36 3.07 
3.36 3.46 2.31 
1.3 5.87 12.0 
7.14 4.73 1.5 
1.44 4.83 8.54 
1.75 3.73 5.52 
4.07 3.48 2.05 
3.59 3.5 2.19 
1.69 3.91 5.81 
2.26 3.45 3.47 
2.16 3.67 3.51 
1.24 6.64 15.21 
1.85 3.82 4.59 
2.1 3.51 3.87 
1.39 5.36 8.85 
1.85 3.71 4.75 
1.68 3.89 5.9 
4.65 3.74 1.86 
3.72 3.46 2.16 
5.54 3.79 1.74 
2.15 3.38 3.85 
1.74 3.91 5.31 
1.33 5.65 10.75 
2.32 3.41 3.38 
10.2 5.12 1.38 
1.81 3.73 5.04 
4.68 3.7 1.86 
2.12 3.54 3.76 
3.08 3.5 2.44 
2.24 3.58 3.39 
2.87 3.29 2.72 
2.08 3.42 4.05 
3.8 3.58 2.09 
1.44 4.7 8.65 
1.72 3.96 5.38 
2.54 3.33 3.06 
1.78 3.86 5.02 
1.44 4.93 8.02 
1.5 4.41 7.8 
7.23 4.67 1.5 
2.4 3.29 3.33 
1.52 4.46 7.25 
1.52 4.75 6.68 
6.88 4.37 1.55 
2.08 3.38 4.1 
4.2 3.48 2.02 
1.62 4.19 6.13 
2.37 3.4 3.28 
2.42 3.43 3.17 
2.8 3.45 2.68 
1.45 4.95 7.88 
5.55 3.8 1.74 
1.18 7.92 20.96 
2.57 3.29 3.06 
6.77 4.74 1.51 
2.98 3.41 2.55 
2.14 3.37 3.92 
1.83 3.94 4.55 
2.5 3.47 3.02 
1.47 4.65 7.9 
6.25 4.2 1.61 
3.08 3.33 2.53 
1.31 5.7 12.44 
2.48 3.37 3.13 
2.47 3.46 3.06 
1.49 4.63 7.52 
1.72 4.03 5.2 
2.78 3.59 2.62 
2.1 3.44 3.97 
6.21 4.1 1.62 
1.28 6.4 12.51 
4.8 3.97 1.79 
1.35 5.56 10.33 
3.66 3.4 2.21 
1.83 3.65 5.03 
3.75 3.55 2.12 
1.38 5.28 9.25 
2.06 3.37 4.22 
1.77 3.74 5.32 
6.65 4.45 1.55 
2.33 3.26 3.5 
2.28 3.38 3.5 
1.16 8.55 22.5 
2.98 3.42 2.55 
2.47 3.34 3.15 
4.83 3.65 1.85 
1.9 3.51 4.78 
3.25 3.62 2.29 
3.53 3.64 2.17 
1.71 3.91 5.55 
2.43 3.24 3.33 
3.44 3.39 2.3 
1.42 5.04 8.38 
1.25 6.87 13.85 
1.83 3.74 4.88 
3.02 3.44 2.51 
2.91 3.42 2.6 
4.12 3.5 2.03 
4.86 3.92 1.79 
1.88 3.71 4.56 
2.16 3.47 3.7 
1.2 7.5 17.8 
3.69 3.42 2.19 
4.52 3.81 1.86 
2.18 3.29 3.89 
4.58 3.59 1.91 
2.24 3.42 3.55 
2.04 3.32 4.4 
1.47 4.58 8.17 
1.85 3.7 4.8 
4.88 3.55 1.88 
2.57 3.22 3.13 
2.61 3.27 3.02 
3.32 3.36 2.38 
6.29 4.13 1.62 
7.17 4.15 1.56 
1.59 4.26 6.4 
1.8 4.06 4.57 
1.79 3.62 5.4 
1.85 3.67 4.84 
2.16 3.52 3.66 
2.8 3.24 2.82 
2.65 3.23 3.0 
1.65 4.2 5.67 
1.36 5.28 10.15 
1.65 4.01 6.09 
2.25 3.32 3.64 
2.88 3.26 2.73 
1.27 6.21 14.32 
1.62 3.99 6.62 
10.8 4.92 1.38 
3.36 3.47 2.3 
2.42 3.29 3.3 
1.19 8.0 18.0 
4.62 3.63 1.89 
1.91 3.48 4.78 
3.2 3.64 2.31 
2.6 3.28 3.02 
2.28 3.34 3.54 
4.1 3.72 1.97 
1.29 6.14 12.21 
2.34 3.16 3.63 
1.92 3.84 4.19 
1.9 3.69 4.5 
1.33 5.68 11.14 
2.35 3.35 3.38 
1.31 5.98 11.42 
1.71 3.9 5.57 
5.64 3.98 1.69 
2.48 3.27 3.21 
2.64 3.25 3.01 
1.21 7.45 17.66 
4.93 3.73 1.82 
2.08 3.46 3.99 
1.3 6.07 11.7 
2.67 3.2 2.99 
3.97 3.56 2.05 
1.86 3.62 4.84 
2.5 3.38 3.09 
1.83 4.02 4.46 
2.62 3.35 2.94 
1.36 5.25 10.35 
1.96 3.41 4.63 
1.95 3.44 4.6 
3.48 3.24 2.36 
2.14 3.4 3.86 
1.55 4.47 6.6 
3.16 3.59 2.36 
2.82 3.14 2.88 
2.22 3.24 3.82 
1.71 3.79 5.86 
1.4 5.16 9.14 
1.26 6.63 12.62 
4.14 3.54 2.01 
6.62 4.57 1.54 
2.44 3.36 3.2 
1.74 3.99 5.15 
6.25 4.18 1.61 
4.67 3.98 1.8 
1.38 5.36 9.08 
7.62 4.85 1.46 
1.78 3.83 5.04 
2.21 3.29 3.78 
2.31 3.25 3.57 
2.38 3.23 3.44 
1.62 4.0 6.55 
1.82 3.67 5.05 
1.89 3.74 4.45 
4.24 3.51 2.0 
2.52 3.22 3.2 
1.32 5.85 10.89 
6.15 4.34 1.6 
1.46 4.55 8.5 
2.16 3.34 3.88 
1.59 4.36 6.15 
1.81 3.69 5.14 
8.52 4.42 1.48 
2.14 3.49 3.76 
3.55 3.42 2.25 
1.85 3.89 4.51 
1.27 6.06 14.38 
2.73 3.3 2.85 
2.33 3.54 3.24 
1.31 5.7 12.0 
1.97 3.4 4.56 
1.78 3.67 5.41 
3.5 3.63 2.18 
2.59 3.29 3.03 
5.6 4.03 1.68 
2.1 3.43 3.95 
6.25 4.35 1.58 
1.53 4.18 7.8 
3.0 3.18 2.68 
2.48 3.31 3.17 
1.63 4.26 5.93 
2.33 3.38 3.39 
2.33 3.37 3.4 
2.74 3.5 2.71 
9.2 4.99 1.4 
1.4 5.05 9.45 
2.0 3.45 4.33 
1.92 3.5 4.69 
1.76 3.81 5.29 
2.1 3.53 3.83 
3.58 3.28 2.29 
1.25 6.76 13.35 
3.3 3.53 2.32 
2.5 3.34 3.1 
2.09 3.34 4.16 
1.27 6.45 12.4 
2.42 3.33 3.26 
2.39 3.47 3.2 
2.05 3.49 4.06 
1.93 3.45 4.73 
4.15 3.51 2.02 
2.35 3.29 3.44 
3.66 3.39 2.2 
4.15 3.44 2.04 
5.58 3.98 1.69 
2.78 3.32 2.79 
1.97 3.64 4.18 
1.38 5.2 9.56 
1.38 5.23 10.35 
4.04 3.44 2.08 
2.28 3.43 3.45 
2.29 3.45 3.39 
1.35 5.32 10.82 
3.69 3.81 2.07 
5.52 3.9 1.72 
1.91 3.69 4.45 
4.66 3.66 1.88 
1.79 3.8 5.06 
1.93 3.58 4.5 
2.62 3.35 2.94 
2.5 3.36 3.09 
2.9 3.45 2.59 
2.1 3.44 3.96 
1.23 7.4 13.75 
1.31 5.93 11.5 
2.61 3.39 2.92 
1.49 4.76 7.23 
3.01 3.57 2.45 
1.76 3.83 5.25 
2.83 3.3 2.75 
1.79 3.99 4.72 
2.99 3.5 2.51 
2.5 3.46 3.02 
5.03 4.23 1.71 
4.21 3.54 2.0 
1.32 5.46 12.31 
1.43 4.91 8.53 
2.12 3.67 3.65 
1.36 5.33 10.43 
2.21 3.7 3.38 
2.31 3.72 3.12 
3.22 3.71 2.27 
1.57 4.57 6.02 
1.6 4.62 5.59 
1.79 4.0 4.69 
3.51 3.7 2.15 
