1.53 4.55 6.85 
10.95 5.55 1.34 
1.26 6.3 15.25 
1.83 3.58 5.11 
1.7 3.83 5.81 
1.64 3.94 6.35 
5.74 4.29 1.63 
2.46 3.25 3.26 
1.33 5.68 10.85 
5.35 4.0 1.71 
1.98 3.63 4.16 
2.64 3.17 3.07 
1.74 3.85 5.43 
1.39 5.24 9.27 
1.71 3.96 5.43 
4.39 3.85 1.88 
12.01 5.33 1.33 
2.51 3.31 3.13 
2.08 3.58 3.85 
1.31 5.88 11.27 
11.14 5.79 1.32 
1.99 3.43 4.41 
4.01 3.45 2.08 
1.33 5.56 11.31 
2.34 3.42 3.33 
1.99 3.37 4.5 
1.47 4.55 8.45 
2.16 3.72 3.46 
1.26 6.45 14.0 
2.39 3.12 3.55 
1.39 5.59 8.29 
2.76 3.0 3.08 
3.94 3.5 2.08 
4.73 3.83 1.83 
1.89 3.94 4.2 
1.67 3.96 5.95 
7.42 4.43 1.52 
2.36 3.23 3.48 
2.41 3.28 3.32 
1.97 3.46 4.46 
2.17 3.44 3.74 
2.99 3.32 2.6 
3.46 3.42 2.28 
1.27 6.3 13.45 
2.37 3.23 3.46 
1.25 6.7 14.0 
9.83 5.64 1.35 
2.36 3.27 3.43 
1.81 4.02 4.57 
1.35 5.3 10.93 
2.21 3.23 3.89 
1.72 3.92 5.43 
4.27 3.87 1.89 
1.15 10.0 18.5 
5.35 3.82 1.75 
5.69 4.25 1.64 
2.43 3.29 3.28 
5.95 4.36 1.61 
2.78 3.1 2.96 
1.36 5.45 10.0 
2.9 3.48 2.58 
2.84 3.63 2.54 
9.54 5.0 1.4 
1.19 7.9 19.0 
3.06 3.38 2.52 
2.33 3.13 3.69 
1.9 3.49 4.84 
1.27 6.65 12.35 
1.68 3.81 6.2 
5.09 4.17 1.71 
2.8 3.23 2.83 
8.5 4.92 1.43 
2.77 3.32 2.79 
1.16 9.0 19.9 
2.21 3.16 3.98 
1.21 7.92 14.37 
5.49 4.37 1.64 
3.22 3.18 2.53 
1.87 3.58 4.85 
2.03 3.4 4.28 
1.82 3.53 5.34 
1.4 5.08 8.95 
11.73 5.12 1.35 
1.12 12.2 23.0 
1.98 3.58 4.24 
1.82 3.47 5.49 
2.21 3.44 3.61 
2.83 3.31 2.74 
3.84 3.71 2.04 
2.22 3.62 3.4 
1.24 7.35 13.5 
5.59 4.29 1.65 
2.36 3.34 3.37 
1.25 6.7 14.0 
2.23 3.38 3.62 
2.04 3.69 3.86 
12.41 6.83 1.26 
3.35 3.23 2.43 
2.16 3.47 3.71 
3.05 3.13 2.69 
2.78 3.01 3.04 
1.99 3.47 4.36 
1.64 3.76 6.91 
2.74 3.33 2.82 
2.47 3.13 3.38 
5.53 4.29 1.65 
2.54 3.22 3.17 
2.21 3.38 3.67 
1.43 5.2 7.69 
1.31 6.11 10.98 
2.5 3.62 2.92 
1.84 3.49 5.23 
2.13 3.17 4.24 
2.37 3.3 3.4 
9.06 5.89 1.35 
1.41 5.14 8.67 
1.29 5.7 15.0 
6.46 4.09 1.61 
2.13 3.5 3.79 
2.38 3.16 3.52 
2.74 3.32 2.82 
2.08 3.44 4.03 
2.12 3.68 3.62 
1.19 7.42 20.97 
2.18 3.48 3.59 
2.83 3.27 2.77 
1.27 6.2 14.35 
5.89 4.47 1.6 
15.5 8.24 1.2 
1.88 3.49 4.98 
2.68 3.17 3.01 
4.86 3.98 1.78 
5.34 4.05 1.71 
2.37 3.21 3.49 
1.23 7.23 14.43 
2.0 3.39 4.47 
1.2 7.85 17.11 
2.33 3.38 3.39 
1.2 8.2 15.02 
6.45 4.69 1.53 
2.44 3.42 3.14 
7.58 4.55 1.5 
1.26 6.45 14.0 
1.72 3.82 5.63 
1.83 3.64 5.05 
1.96 3.41 4.61 
5.14 4.18 1.7 
2.52 3.17 3.25 
3.16 3.22 2.54 
1.12 13.0 19.5 
2.62 3.26 3.03 
2.04 3.47 4.16 
2.69 3.02 3.15 
2.64 3.32 2.95 
2.74 3.04 3.08 
1.3 6.24 10.68 
7.45 4.67 1.49 
1.29 6.28 11.6 
3.44 3.56 2.23 
3.85 3.79 2.01 
2.3 3.25 3.6 
2.29 3.51 3.34 
8.36 4.68 1.46 
1.23 7.25 14.75 
1.29 6.26 11.64 
2.41 3.29 3.32 
2.1 3.45 3.95 
13.5 6.85 1.25 
1.25 6.8 13.55 
5.36 4.44 1.65 
1.27 6.8 11.75 
2.62 2.95 3.34 
1.41 5.1 8.78 
1.88 3.7 4.55 
1.57 4.6 6.0 
2.31 3.35 3.46 
1.79 3.78 5.08 
6.65 4.81 1.51 
6.35 4.09 1.62 
1.78 3.64 5.48 
2.51 3.71 2.84 
2.67 3.2 3.0 
7.05 4.35 1.54 
5.96 3.98 1.67 
4.4 3.71 1.91 
1.11 12.57 23.05 
1.59 4.03 7.0 
2.34 3.21 3.55 
3.34 3.27 2.41 
2.13 3.43 3.86 
2.8 3.25 2.81 
1.21 7.25 17.45 
2.51 3.27 3.17 
1.16 9.12 21.04 
1.24 6.67 15.84 
1.38 5.43 8.97 
2.57 3.47 2.92 
2.47 3.22 3.28 
12.6 6.95 1.26 
4.54 4.0 1.8 
2.33 3.38 3.39 
1.18 8.01 20.06 
2.32 3.16 3.67 
1.32 6.27 9.97 
1.36 5.35 10.1 
2.15 3.22 4.1 
1.7 3.85 5.81 
12.96 6.73 1.26 
5.39 4.06 1.7 
2.46 3.11 3.44 
7.31 4.45 1.52 
5.49 3.59 1.79 
1.65 4.08 6.01 
2.36 3.26 3.44 
1.18 8.7 16.95 
2.05 3.43 4.16 
10.54 5.51 1.34 
1.98 3.41 4.51 
2.8 3.51 2.64 
1.26 6.25 12.7 
1.3 5.95 11.85 
2.02 3.3 4.51 
2.67 3.14 3.06 
1.99 3.38 4.5 
1.28 6.02 13.69 
2.5 3.48 3.01 
2.16 3.08 4.31 
4.63 4.22 1.76 
3.07 3.75 2.34 
1.23 7.22 15.23 
1.49 4.73 7.19 
6.33 3.9 1.65 
6.98 3.95 1.6 
2.16 3.3 3.93 
1.85 3.84 4.47 
1.14 10.21 22.56 
2.04 3.41 4.23 
2.06 3.62 3.87 
5.72 4.14 1.66 
11.96 5.8 1.31 
10.75 5.65 1.33 
7.0 4.62 1.51 
3.06 3.32 2.55 
1.3 6.14 11.24 
3.11 3.17 2.6 
1.16 9.0 21.8 
2.19 3.15 4.05 
1.77 3.48 5.99 
2.22 3.54 3.48 
2.32 3.42 3.38 
1.32 5.85 10.95 
1.92 3.66 4.43 
2.37 3.07 3.66 
13.0 5.9 1.29 
1.81 3.59 5.3 
1.17 8.19 23.45 
2.65 3.15 3.07 
2.05 3.4 4.19 
2.13 3.71 3.55 
6.15 4.05 1.64 
2.26 3.26 3.68 
1.22 7.4 14.5 
2.22 3.27 3.78 
2.5 2.99 3.5 
2.04 3.85 3.7 
2.57 3.32 3.03 
3.3 3.22 2.46 
5.86 4.03 1.66 
4.75 3.93 1.8 
1.4 5.1 9.05 
2.11 3.49 3.85 
2.11 3.15 4.36 
2.98 3.08 2.78 
1.71 3.89 5.62 
1.23 7.14 14.61 
2.23 3.42 3.57 
1.98 3.3 4.7 
7.09 4.66 1.51 
2.3 3.3 3.55 
4.58 4.06 1.8 
2.5 3.04 3.43 
1.88 3.72 4.57 
1.22 7.6 14.1 
1.76 3.71 5.48 
2.65 3.19 3.03 
1.19 8.05 18.5 
2.2 3.3 3.8 
4.04 3.7 1.99 
1.6 4.35 6.07 
6.63 4.24 1.58 
1.3 6.0 11.65 
2.22 3.24 3.83 
2.52 3.07 3.37 
2.79 3.34 2.76 
2.8 3.16 2.88 
3.07 3.28 2.57 
2.32 3.21 3.6 
1.48 4.81 7.4 
6.49 4.66 1.53 
13.25 6.89 1.25 
1.85 3.6 4.94 
2.94 3.2 2.72 
1.2 7.85 15.95 
2.49 3.29 3.18 
2.82 3.2 2.84 
6.65 4.54 1.54 
10.3 5.47 1.35 
1.24 7.02 14.56 
1.78 3.62 5.55 
2.35 3.47 3.26 
2.67 3.07 3.13 
2.97 3.25 2.66 
1.31 6.1 10.47 
2.43 3.4 3.18 
2.48 3.47 3.04 
1.88 3.48 4.95 
4.25 3.71 1.94 
1.97 3.54 4.32 
1.88 3.85 4.37 
11.07 5.54 1.34 
2.32 3.05 3.49 
2.35 3.25 3.49 
1.56 4.45 6.44 
1.28 6.34 11.91 
2.67 3.19 3.01 
1.91 3.56 4.64 
2.72 3.14 2.9 
1.25 7.15 12.89 
4.48 3.74 1.88 
2.61 3.13 3.15 
2.7 3.61 2.68 
1.22 7.05 17.85 
3.27 3.65 2.27 
2.01 3.52 4.19 
6.56 4.35 1.57 
4.99 4.07 1.74 
4.64 3.55 1.91 
2.42 3.53 3.08 
2.96 3.44 2.55 
7.57 4.45 1.51 
1.55 4.65 6.28 
1.14 9.66 23.8 
2.27 3.29 3.65 
2.31 3.35 3.46 
2.28 3.2 3.71 
2.08 3.57 3.85 
2.63 3.1 3.15 
1.32 5.85 10.1 
1.93 3.47 4.69 
1.71 4.11 5.15 
7.49 4.5 1.51 
1.45 4.83 8.14 
11.03 5.72 1.32 
1.16 8.65 21.0 
4.8 3.59 1.88 
2.11 3.62 3.69 
2.9 3.35 2.66 
2.28 3.41 3.48 
2.74 3.4 2.77 
2.41 3.39 3.22 
7.56 4.82 1.46 
1.57 4.35 6.47 
2.29 3.66 3.22 
1.09 13.5 26.0 
3.09 3.31 2.53 
1.19 7.77 20.17 
3.75 3.9 2.01 
1.13 9.71 24.81 
1.19 7.8 17.0 
4.65 3.88 1.83 
2.21 3.57 3.41 
1.75 4.01 4.86 
5.88 4.48 1.58 
1.21 7.65 15.44 
1.4 5.46 7.98 
5.96 4.22 1.61 
8.06 5.11 1.42 
1.91 3.72 4.29 
1.33 5.95 9.56 
2.36 3.51 3.17 
