1.58 3.93 7.5 
1.89 3.63 4.58 
2.5 3.46 3.0 
6.41 4.02 1.62 
3.83 3.57 2.08 
2.43 3.22 3.33 
2.36 3.4 3.28 
4.0 3.97 1.93 
1.27 6.35 13.25 
1.86 3.51 4.99 
3.25 3.12 2.54 
1.83 3.97 4.46 
1.89 3.56 4.71 
2.05 3.56 3.9 
1.28 6.29 12.44 
2.09 3.65 3.69 
5.37 3.56 1.81 
2.47 3.08 3.37 
1.1 12.39 32.7 
7.34 5.09 1.45 
1.38 5.52 8.77 
2.63 3.58 2.77 
2.34 3.1 3.68 
1.17 8.54 21.13 
2.45 3.34 3.18 
12.1 6.52 1.27 
1.97 3.47 4.4 
5.49 4.06 1.68 
2.61 3.33 2.96 
2.61 3.36 2.93 
2.24 3.45 3.47 
1.3 6.3 10.73 
1.95 3.5 4.47 
1.5 4.3 8.06 
7.5 4.96 1.45 
1.12 10.57 27.95 
2.58 3.44 2.91 
5.94 3.85 1.68 
6.35 4.54 1.55 
5.5 4.19 1.66 
2.43 3.46 3.13 
1.19 7.4 18.5 
3.25 3.23 2.48 
1.13 10.17 20.82 
4.2 3.83 1.92 
3.03 3.71 2.37 
4.18 3.65 1.97 
2.07 3.69 3.76 
1.74 3.65 5.82 
2.12 3.36 3.98 
4.99 3.93 1.76 
2.95 3.42 2.59 
21.06 7.97 1.18 
2.18 3.38 3.77 
2.48 3.49 2.92 
1.62 3.91 6.72 
1.2 7.42 18.51 
1.59 4.19 6.52 
1.49 4.93 6.88 
5.72 4.41 1.61 
1.5 4.85 6.75 
2.86 3.55 2.58 
1.76 4.05 4.82 
8.01 4.5 1.48 
1.1 12.59 24.79 
2.61 3.3 3.01 
4.53 3.78 1.87 
1.85 3.56 5.04 
2.63 3.13 3.14 
2.3 3.52 3.33 
2.72 3.3 2.87 
2.16 3.04 4.33 
2.99 3.21 2.65 
2.17 3.52 3.6 
1.46 4.54 8.56 
1.22 6.74 15.07 
2.15 3.59 3.58 
5.0 4.33 1.69 
2.56 3.56 2.85 
6.02 4.13 1.63 
2.07 3.67 3.79 
2.51 3.46 3.02 
1.74 3.93 5.26 
11.49 5.36 1.33 
1.1 11.96 32.7 
2.22 3.21 3.9 
4.07 3.89 1.93 
1.76 3.68 5.47 
1.88 3.67 4.66 
1.56 4.36 6.51 
3.27 3.19 2.5 
2.95 3.75 2.42 
2.16 3.45 3.75 
1.11 10.86 27.28 
2.14 3.37 3.91 
1.76 3.74 5.37 
10.84 4.89 1.37 
4.56 4.26 1.76 
1.75 3.91 5.16 
4.76 4.24 1.74 
3.92 3.77 2.0 
3.62 3.64 2.14 
3.85 3.37 2.16 
1.58 4.07 7.01 
2.78 3.25 2.85 
1.76 3.74 5.42 
3.13 3.36 2.49 
1.27 6.18 11.51 
1.11 10.68 28.68 
2.33 3.45 3.34 
2.61 3.19 3.11 
4.48 3.67 1.91 
3.46 3.33 2.33 
1.49 4.45 7.95 
2.89 3.43 2.62 
2.53 3.34 3.09 
1.68 4.14 5.41 
1.42 5.17 7.89 
1.11 10.9 24.65 
1.39 5.4 8.32 
2.89 3.25 2.74 
1.43 4.78 8.61 
2.68 3.45 2.82 
1.42 4.88 8.79 
2.87 3.5 2.6 
6.31 4.28 1.59 
12.46 6.58 1.25 
3.53 3.84 2.1 
1.51 4.16 8.2 
2.93 3.16 2.77 
3.76 3.32 2.22 
1.62 3.92 6.65 
2.5 3.06 3.42 
2.28 3.35 3.54 
1.11 10.98 23.72 
2.5 3.38 3.1 
4.3 3.52 1.99 
2.63 3.73 2.7 
1.18 7.92 15.58 
1.41 5.05 8.47 
1.7 3.82 5.82 
2.98 3.14 2.74 
9.74 5.98 1.31 
1.66 4.09 5.76 
11.09 5.9 1.29 
1.6 3.94 6.98 
3.06 3.51 2.45 
2.45 3.59 3.01 
1.38 5.11 9.52 
4.85 3.82 1.81 
1.27 6.13 11.66 
5.94 4.52 1.58 
2.87 3.15 2.84 
2.92 3.33 2.66 
4.0 3.75 1.99 
3.94 3.55 2.07 
1.36 5.29 9.84 
2.29 3.43 3.45 
3.01 3.16 2.7 
1.77 3.93 4.99 
2.72 3.15 2.99 
3.03 3.59 2.44 
2.73 3.05 3.08 
1.22 7.01 13.26 
1.18 7.74 18.36 
1.63 3.99 6.37 
2.02 3.48 4.2 
7.64 4.37 1.51 
1.53 4.51 6.76 
3.87 3.9 1.98 
6.85 4.04 1.59 
1.23 6.4 14.96 
1.95 3.55 4.4 
6.27 4.1 1.62 
1.33 5.42 11.37 
3.08 3.11 2.68 
1.14 9.39 21.47 
2.03 3.58 4.06 
2.37 3.57 3.16 
3.27 3.47 2.35 
5.26 3.84 1.75 
4.51 3.5 1.95 
1.65 3.96 6.08 
3.25 3.3 2.45 
9.66 5.31 1.36 
1.16 8.26 19.61 
1.23 6.79 13.8 
1.37 5.18 10.01 
5.08 3.92 1.76 
2.28 3.56 3.32 
3.54 3.41 2.26 
2.09 3.32 4.16 
1.58 4.31 6.4 
1.5 4.93 6.59 
1.37 5.12 9.98 
1.81 3.78 4.9 
3.39 3.53 2.27 
5.17 3.87 1.76 
1.37 5.45 8.96 
9.96 5.8 1.33 
