2.47 3.32 3.19 
2.06 3.29 4.32 
3.25 3.43 2.37 
4.43 3.55 1.95 
1.27 6.48 13.15 
2.33 3.24 3.53 
1.88 3.68 4.64 
2.41 3.53 3.1 
4.7 3.62 1.88 
1.68 4.16 5.48 
1.54 4.33 7.19 
7.12 4.2 1.56 
2.92 3.6 2.5 
5.47 3.96 1.71 
1.78 3.61 5.5 
1.47 4.78 7.82 
5.44 3.74 1.76 
3.11 3.19 2.6 
2.61 3.22 3.06 
1.98 3.75 4.02 
1.26 6.35 14.35 
2.33 3.38 3.39 
1.74 3.79 5.55 
8.35 4.6 1.46 
1.71 3.88 5.57 
1.61 4.03 6.63 
2.36 3.56 3.17 
5.47 3.91 1.72 
1.3 6.3 10.91 
2.6 3.09 3.2 
1.6 4.35 6.15 
2.05 3.31 4.33 
2.44 3.21 3.36 
1.7 3.97 5.54 
2.38 3.31 3.35 
2.31 3.2 3.65 
4.34 3.82 1.89 
1.9 3.6 4.62 
5.77 4.17 1.65 
3.75 3.6 2.1 
2.28 3.49 3.4 
1.65 3.99 6.19 
6.03 4.2 1.6 
1.46 4.49 8.87 
1.28 6.24 12.78 
2.9 3.19 2.76 
2.09 3.37 4.08 
1.68 3.84 6.17 
1.35 5.52 10.26 
5.8 4.12 1.65 
2.35 3.53 3.21 
3.79 3.57 2.1 
1.23 7.0 15.54 
1.74 3.86 5.39 
3.73 3.48 2.15 
2.34 3.35 3.4 
2.88 3.3 2.7 
9.45 5.31 1.38 
2.83 3.35 2.72 
3.09 3.21 2.59 
1.74 3.95 5.25 
7.68 4.63 1.48 
2.47 3.24 3.26 
8.44 4.92 1.43 
2.42 3.32 3.27 
2.23 3.35 3.66 
10.17 5.13 1.38 
2.24 3.35 3.63 
1.35 5.46 10.61 
2.99 3.54 2.48 
1.28 6.15 12.8 
1.83 3.61 5.05 
1.58 4.33 6.3 
2.14 3.52 3.71 
1.52 4.68 6.82 
1.98 3.51 4.34 
5.45 3.91 1.72 
2.33 3.27 3.51 
1.39 4.89 10.41 
2.19 3.51 3.58 
1.27 6.28 13.55 
4.12 3.7 1.97 
6.05 3.87 1.68 
3.16 3.35 2.46 
2.06 3.44 4.1 
1.28 6.26 12.86 
2.33 3.35 3.42 
1.68 4.07 5.52 
2.24 3.31 3.68 
1.5 4.63 7.3 
4.9 3.92 1.78 
1.22 6.9 18.5 
2.57 3.15 3.19 
8.25 5.1 1.42 
1.64 4.1 6.03 
1.75 3.72 5.6 
7.48 4.57 1.5 
1.81 3.84 4.8 
3.2 3.37 2.43 
2.1 3.52 3.85 
1.63 4.27 5.78 
3.42 3.37 2.32 
1.57 4.37 6.47 
1.23 7.16 14.22 
2.0 3.59 4.13 
1.95 3.59 4.35 
5.73 3.88 1.7 
1.78 3.63 5.49 
1.29 6.19 11.8 
4.94 4.01 1.76 
6.28 4.57 1.56 
1.58 4.26 6.52 
2.61 3.33 2.97 
3.32 3.56 2.28 
2.26 3.43 3.49 
2.11 3.35 4.03 
1.5 4.58 7.4 
2.91 3.3 2.68 
6.83 4.28 1.56 
1.92 3.39 4.93 
10.05 6.03 1.32 
1.78 3.81 5.09 
3.3 3.18 2.48 
1.87 3.65 4.72 
1.19 8.68 16.06 
2.67 3.32 2.9 
1.43 5.04 8.05 
1.5 4.62 7.46 
2.19 3.35 3.78 
2.39 3.32 3.32 
3.58 3.39 2.24 
2.14 3.59 3.64 
1.64 4.1 6.03 
3.39 3.44 2.3 
1.36 5.45 9.64 
2.16 3.33 3.89 
5.08 4.1 1.72 
4.63 4.01 1.8 
3.65 3.5 2.17 
1.8 3.57 5.4 
1.38 5.29 9.21 
3.48 3.45 2.26 
3.43 3.37 2.32 
5.28 4.1 1.7 
2.14 3.55 3.68 
3.15 3.39 2.45 
1.27 6.25 14.32 
1.29 6.29 11.73 
2.22 3.37 3.64 
1.68 3.68 6.42 
2.43 3.47 3.13 
4.28 3.77 1.92 
5.56 4.08 1.68 
1.28 6.4 12.25 
6.48 4.28 1.58 
3.29 3.25 2.45 
10.45 5.72 1.33 
1.25 6.6 14.0 
2.06 3.5 4.04 
1.65 4.13 5.82 
5.85 4.3 1.62 
2.07 3.42 4.1 
2.59 3.35 2.98 
2.67 3.23 2.97 
5.53 3.77 1.74 
1.67 4.09 5.7 
2.95 3.23 2.69 
2.13 3.56 3.7 
1.22 7.35 15.0 
4.27 3.85 1.9 
1.35 5.58 10.12 
3.06 3.18 2.64 
1.42 4.78 9.52 
9.86 5.82 1.34 
2.57 3.33 3.03 
1.24 6.95 15.0 
2.71 3.43 2.78 
2.54 3.36 3.05 
1.3 6.15 11.02 
3.01 3.3 2.6 
4.28 3.43 2.02 
2.38 3.26 3.41 
1.28 6.15 12.85 
2.1 3.56 3.8 
2.37 3.52 3.18 
1.25 6.2 16.45 
1.78 3.59 5.55 
2.83 3.49 2.63 
1.34 5.6 10.4 
5.71 3.94 1.69 
2.28 3.33 3.55 
1.18 8.55 17.5 
2.8 3.16 2.88 
9.95 5.55 1.35 
1.76 3.72 5.48 
5.77 4.13 1.65 
4.52 3.87 1.85 
1.8 3.77 5.0 
1.89 3.58 4.7 
2.77 3.35 2.77 
3.75 3.35 2.2 
3.34 3.62 2.25 
6.1 3.96 1.66 
3.09 3.45 2.46 
6.54 4.71 1.53 
1.32 5.51 12.56 
2.51 3.18 3.25 
2.41 3.41 3.2 
4.54 3.9 1.84 
2.16 3.34 3.88 
1.84 3.77 4.73 
3.19 3.45 2.4 
1.22 7.55 14.0 
2.13 3.52 3.75 
2.47 3.17 3.33 
6.08 4.08 1.64 
1.7 3.91 5.68 
1.22 7.35 15.7 
1.18 8.5 18.0 
1.86 3.48 5.1 
1.24 6.92 14.64 
2.12 3.57 3.73 
2.89 3.29 2.7 
2.63 3.33 2.95 
2.73 3.05 3.06 
9.13 5.41 1.38 
3.29 3.42 2.36 
1.2 7.88 17.01 
2.85 3.4 2.67 
5.94 4.55 1.58 
1.94 3.58 4.42 
1.73 3.91 5.37 
1.74 4.0 5.14 
7.68 4.59 1.49 
1.85 3.67 4.84 
1.29 5.95 13.45 
2.12 3.28 4.1 
2.31 3.29 3.53 
5.95 3.89 1.68 
1.23 7.55 13.6 
1.3 6.2 11.44 
2.22 3.41 3.61 
1.27 6.4 13.0 
3.8 3.35 2.18 
2.13 3.42 3.86 
3.92 3.54 2.07 
2.28 3.25 3.65 
8.59 4.73 1.44 
2.44 3.3 3.25 
6.97 4.95 1.48 
1.27 6.51 12.91 
2.12 3.13 4.37 
1.43 5.18 7.91 
2.2 3.22 3.91 
2.63 3.26 3.0 
2.11 3.44 3.93 
1.43 4.89 8.49 
5.75 4.27 1.63 
1.87 3.55 4.92 
2.14 3.51 3.73 
1.27 6.55 12.75 
2.0 3.3 4.6 
2.05 3.35 4.27 
3.54 3.38 2.26 
2.23 3.28 3.74 
10.81 6.35 1.3 
1.64 4.17 5.88 
5.75 4.3 1.63 
1.25 6.8 13.6 
2.67 3.4 2.84 
1.68 3.89 6.0 
2.58 3.24 3.08 
1.26 6.55 13.5 
2.15 3.51 3.7 
1.94 3.45 4.63 
1.52 4.46 7.15 
6.54 4.04 1.61 
2.62 3.23 3.04 
5.36 4.02 1.71 
2.33 3.49 3.28 
1.98 3.68 4.1 
5.97 3.8 1.69 
1.72 3.87 5.53 
6.07 3.91 1.67 
1.3 5.9 12.0 
2.47 3.42 3.1 
2.07 3.48 4.0 
1.73 3.97 5.25 
1.37 5.05 10.55 
1.67 4.13 5.57 
1.87 3.67 4.72 
3.22 3.82 2.23 
1.98 3.43 4.47 
2.48 3.07 3.43 
1.48 4.61 7.92 
1.57 4.23 6.75 
2.56 3.16 3.19 
1.42 5.32 7.89 
2.41 3.56 3.08 
2.08 3.32 4.2 
1.4 5.31 8.45 
1.84 3.7 4.86 
5.33 3.97 1.72 
6.35 4.26 1.59 
1.22 7.6 14.85 
2.42 3.15 3.45 
4.06 3.71 1.98 
1.25 6.6 14.0 
3.11 3.31 2.52 
2.09 3.49 3.92 
1.76 3.98 4.95 
10.52 5.32 1.36 
4.37 3.96 1.85 
1.78 3.85 5.1 
1.43 4.82 8.67 
4.66 4.1 1.78 
1.98 3.54 4.3 
3.24 3.54 2.33 
1.27 6.67 12.45 
2.57 3.3 3.05 
2.67 3.2 3.0 
4.34 3.7 1.93 
6.72 4.39 1.55 
1.93 3.79 4.24 
1.92 3.7 4.37 
2.15 3.53 3.68 
3.27 3.68 2.26 
5.95 3.93 1.68 
1.5 4.91 6.63 
1.44 4.72 8.66 
1.61 4.54 5.6 
5.68 4.22 1.65 
2.23 3.44 3.58 
1.89 3.77 4.42 
1.8 3.63 5.02 
1.64 4.06 5.77 
2.08 3.45 3.85 
3.02 3.6 2.37 
2.54 3.38 2.94 
3.77 3.67 2.03 
1.37 5.04 10.06 
11.39 5.93 1.29 
1.86 3.94 4.15 
6.61 4.4 1.53 
9.4 5.35 1.37 
2.24 3.5 3.47 
2.31 3.2 3.64 
1.49 4.7 7.29 
1.61 4.16 6.38 
1.3 6.6 10.25 
2.81 3.48 2.65 
1.94 3.72 4.22 
1.61 4.21 6.12 
1.18 8.29 18.22 
3.69 3.75 2.07 
1.45 4.79 8.05 
9.65 5.15 1.38 
1.93 3.76 4.28 
1.25 7.0 13.0 
3.91 3.68 2.03 
4.61 4.16 1.78 
4.18 3.84 1.94 
2.11 3.63 3.69 
1.71 4.04 5.35 
5.62 4.2 1.65 
1.25 6.85 13.5 
1.1 13.62 28.49 
1.14 10.39 23.1 
2.76 3.33 2.8 
4.44 3.78 1.88 
1.42 5.29 7.75 
2.38 3.4 3.26 
1.16 9.01 21.02 
6.36 4.61 1.55 
1.91 3.75 4.35 
1.14 9.31 27.82 
2.44 3.4 3.14 
1.8 3.95 4.73 
2.1 3.68 3.67 
11.51 6.21 1.29 
